92	55	51	
52	99	74	
11	43	84	
99	86	81	
72	93	29	
59	25	36	
6	86	70	
95	56	85	
71	21	76	
79	87	39	
100	25	82	
47	2	14	
89	32	98	
23	45	42	
98	54	100	
93	24	90	
68	2	55	
66	70	30	
2	32	83	
76	73	28	
17	94	54	
85	12	4	
29	88	60	
93	65	13	
72	10	45	
100	93	1	
47	65	97	
47	60	15	
56	38	70	
22	25	31	
84	43	78	
92	70	75	
97	34	42	
89	55	53	
30	88	58	
36	49	50	
88	25	22	
42	88	51	
18	57	36	
44	31	35	
89	1	69	
77	19	20	
89	84	14	
44	74	9	
22	9	99	
93	78	53	
92	71	75	
10	73	9	
88	93	41	
72	83	63	
41	17	44	
4	95	40	
78	54	34	
63	82	84	
28	28	68	
20	20	36	
61	23	51	
94	52	59	
37	36	25	
23	8	32	
59	67	96	
34	54	3	
96	10	16	
67	82	94	
10	37	18	
99	31	31	
11	33	18	
6	26	40	
13	41	9	
89	40	67	
25	54	5	
1	97	91	
30	65	94	
66	22	98	
87	18	13	
70	74	64	
70	97	86	
83	31	44	
88	70	15	
75	37	84	
13	87	58	
20	42	16	
87	55	1	
67	10	76	
38	32	51	
18	64	28	
93	97	1	
58	52	6	
84	92	39	
93	31	73	
50	10	71	
5	84	60	
84	97	62	
75	34	41	
4	88	6	
44	65	75	
55	32	11	
13	92	99	
6	60	74	
18	89	4	
80	20	39	
79	83	95	
11	49	81	
39	15	75	
89	55	15	
58	36	39	
34	33	89	
76	63	76	
51	95	94	
95	81	9	
83	39	53	
67	60	43	
92	31	70	
23	3	94	
69	30	92	
58	64	75	
94	79	21	
12	2	25	
23	70	22	
7	38	24	
48	27	4	
66	12	3	
93	89	35	
58	66	2	
60	59	84	
17	4	47	
39	33	11	
95	78	7	
47	27	21	
43	77	66	
58	14	23	
74	86	5	
19	43	39	
18	95	64	
15	43	14	
69	32	68	
40	9	48	
14	6	21	
1	34	60	
98	2	100	
16	52	64	
30	87	75	
31	100	60	
51	57	34	
45	77	81	
36	87	1	
90	66	66	
67	63	33	
97	33	67	
39	88	86	
98	47	15	
54	10	76	
48	95	96	
40	90	72	
79	12	12	
24	44	43	
41	26	61	
8	10	65	
59	18	55	
59	47	12	
63	19	8	
30	78	39	
35	11	97	
96	49	59	
16	97	50	
49	61	43	
87	67	62	
21	13	30	
45	6	21	
14	7	36	
37	37	22	
12	33	100	
85	48	3	
44	99	15	
17	27	20	
39	13	72	
20	73	99	
76	84	72	
51	67	26	
76	25	31	
95	87	45	
32	25	19	
9	45	4	
84	19	23	
9	32	82	
7	97	53	
72	90	80	
93	84	6	
89	2	33	
88	10	69	
51	55	98	
1	76	95	
75	98	60	
13	87	4	
62	15	35	
22	86	19	
47	51	27	
11	13	45	
22	5	8	
80	6	29	
81	50	15	
44	44	85	
61	94	85	
3	54	57	
87	91	88	
97	51	75	
62	72	38	
66	63	75	
76	87	64	
26	9	8	
55	29	58	
79	72	12	
29	52	13	
39	42	60	
6	95	58	
65	90	4	
23	22	26	
80	98	69	
55	77	5	
100	16	91	
23	38	26	
81	93	92	
11	34	9	
57	10	16	
75	10	93	
33	29	58	
99	18	79	
14	13	25	
3	29	47	
58	99	28	
84	22	4	
9	41	21	
31	89	8	
70	12	8	
54	17	16	
85	39	62	
53	48	75	
1	52	65	
52	86	40	
13	52	61	
22	47	45	
34	91	89	
95	96	28	
94	11	9	
74	2	60	
84	7	53	
80	38	80	
56	82	57	
9	49	83	
67	3	2	
36	87	23	
33	74	47	
44	59	73	
23	95	71	
43	85	47	
30	29	3	
19	46	7	
49	23	88	
89	71	99	
47	2	48	
71	94	17	
92	10	66	
13	1	35	
6	41	97	
13	96	57	
64	63	77	
87	34	54	
8	6	87	
23	47	67	
55	89	71	
57	77	73	
52	31	31	
78	18	24	
5	64	87	
6	28	5	
48	21	57	
90	30	12	
30	4	23	
7	17	70	
6	56	53	
32	17	63	
90	87	58	
52	26	72	
93	52	37	
23	8	52	
61	84	21	
75	96	40	
25	44	87	
10	18	39	
9	30	72	
36	40	56	
1	73	20	
66	4	50	
90	75	34	
72	59	44	
60	96	11	
65	5	71	
93	65	67	
1	81	12	
91	89	73	
57	74	72	
69	40	39	
27	90	50	
46	93	6	
48	87	26	
10	99	53	
65	8	41	
46	76	52	
53	87	1	
99	5	68	
75	80	81	
15	79	95	
69	35	45	
27	15	41	
23	44	99	
46	16	46	
60	99	91	
37	83	54	
27	22	60	
94	43	2	
93	74	15	
6	24	99	
57	56	14	
33	95	38	
45	96	50	
36	22	84	
83	63	39	
30	95	94	
56	10	16	
9	62	47	
32	26	34	
58	58	60	
92	63	75	
37	3	16	
64	76	48	
96	21	4	
16	33	79	
14	80	15	
23	86	44	
62	47	15	
16	34	6	
10	45	54	
24	84	87	
82	56	1	
1	70	9	
46	1	100	
72	18	79	
82	88	69	
15	42	61	
53	5	70	
31	43	4	
60	31	87	
96	7	48	
92	59	37	
4	18	4	
5	94	37	
70	21	92	
82	99	41	
37	10	96	
49	33	81	
38	98	94	
29	87	40	
31	32	11	
45	76	10	
75	11	48	
89	15	75	
23	39	80	
14	52	90	
85	70	56	
16	23	59	
45	76	9	
30	62	41	
46	27	28	
18	5	48	
74	32	63	
28	30	21	
55	22	95	
46	52	99	
60	8	9	
63	71	43	
5	25	35	
47	62	77	
75	4	67	
56	4	93	
39	79	39	
9	94	45	
32	79	7	
51	19	89	
32	49	64	
36	26	3	
2	87	68	
69	66	85	
31	69	75	
40	23	52	
74	9	49	
4	74	61	
82	13	26	
47	64	94	
47	64	97	
51	85	80	
80	70	59	
44	45	83	
63	63	25	
44	64	87	
15	94	62	
29	49	66	
57	81	58	
100	66	13	
6	7	3	
75	4	50	
58	66	52	
39	8	10	
17	77	44	
77	42	96	
52	24	77	
42	37	69	
18	16	74	
39	30	55	
22	28	96	
30	99	27	
3	57	43	
62	86	52	
62	10	66	
46	15	94	
74	39	52	
95	63	25	
34	87	82	
92	14	41	
62	42	73	
68	18	10	
38	94	12	
68	5	90	
53	91	41	
79	13	15	
40	24	8	
2	91	24	
3	34	9	
1	5	40	
5	98	38	
96	68	87	
85	81	13	
82	41	44	
99	48	58	
85	41	85	
43	22	69	
64	21	89	
52	19	71	
33	7	88	
80	53	22	
38	93	45	
97	51	36	
90	20	50	
84	12	29	
20	72	6	
41	24	10	
71	28	41	
64	48	22	
45	25	71	
27	91	3	
95	43	17	
21	90	6	
36	4	44	
91	54	8	
89	24	43	
64	50	7	
28	8	64	
60	13	94	
27	10	64	
91	75	49	
83	65	38	
14	55	29	
18	47	12	
69	5	89	
86	8	90	
22	25	1	
69	29	93	
95	24	82	
68	82	86	
80	98	20	
10	5	4	
70	42	20	
93	37	57	
54	53	42	
51	51	75	
22	31	33	
54	56	19	
23	20	97	
80	64	52	
41	93	12	
18	15	11	
8	41	39	
39	60	29	
78	36	73	
67	20	31	
21	99	93	
97	52	61	
28	20	55	
64	4	46	
20	63	70	
16	97	96	
2	15	84	
47	64	61	
84	37	66	
58	3	56	
42	41	67	
60	100	35	
92	35	74	
44	27	56	
10	22	98	
93	58	18	
100	33	68	
97	60	90	
48	43	82	
8	94	96	
84	6	92	
1	29	53	
93	70	52	
87	2	34	
37	46	34	
19	4	96	
17	93	49	
59	85	89	
41	45	28	
39	27	22	
54	9	25	
53	20	87	
22	62	87	
41	16	11	
71	28	59	
38	31	25	
88	30	70	
27	100	4	
5	80	69	
73	51	27	
39	95	42	
13	49	11	
99	71	11	
3	54	60	
52	84	61	
56	37	18	
59	1	65	
79	17	97	
76	86	47	
5	99	78	
46	85	26	
56	26	37	
48	6	68	
77	80	32	
98	4	53	
97	89	88	
5	23	57	
26	91	80	
19	23	83	
31	1	16	
67	15	48	
87	75	47	
7	61	39	
2	40	28	
37	50	51	
60	2	96	
63	58	17	
98	85	24	
83	37	84	
85	3	94	
2	98	74	
25	14	42	
95	54	39	
71	93	81	
50	74	61	
91	72	13	
11	50	10	
91	54	98	
94	16	84	
10	87	75	
1	79	74	
3	99	60	
99	38	78	
24	3	85	
10	88	84	
37	78	85	
7	94	61	
58	46	3	
100	15	38	
41	30	2	
4	65	28	
3	97	34	
58	35	64	
75	4	85	
72	23	14	
50	78	22	
86	67	99	
8	19	61	
53	54	71	
65	72	32	
14	94	5	
35	78	52	
87	59	15	
51	4	73	
52	21	32	
72	58	73	
17	74	5	
13	20	78	
13	35	88	
76	42	100	
88	88	82	
62	75	77	
81	48	12	
62	91	96	
56	4	96	
12	64	48	
69	30	32	
35	29	99	
42	72	79	
20	53	1	
66	77	54	
6	9	57	
44	78	70	
38	56	32	
41	1	12	
44	2	51	
61	92	35	
97	64	38	
100	26	46	
87	74	7	
80	68	75	
82	70	61	
32	88	92	
4	25	6	
27	73	17	
71	83	20	
95	33	69	
55	76	81	
21	19	84	
88	90	26	
93	52	96	
31	49	49	
32	5	9	
70	10	21	
85	8	17	
68	56	2	
13	50	74	
37	98	34	
33	3	50	
74	27	7	
99	29	76	
85	62	36	
99	9	24	
51	18	57	
95	67	96	
72	98	69	
85	49	87	
100	41	29	
22	43	17	
42	11	35	
45	78	53	
93	51	4	
98	61	79	
78	58	22	
46	58	95	
72	68	31	
19	76	76	
9	33	80	
22	28	55	
81	68	11	
49	49	20	
21	72	49	
15	34	86	
16	51	56	
46	3	82	
88	88	65	
30	7	2	
42	21	9	
90	88	66	
79	80	82	
19	50	28	
14	2	92	
40	26	75	
86	29	62	
36	23	64	
92	4	33	
61	74	37	
94	68	31	
17	26	51	
77	77	68	
40	66	33	
19	71	60	
32	96	50	
23	48	1	
17	47	73	
88	56	16	
11	10	72	
39	75	91	
85	38	59	
92	79	39	
70	1	89	
29	26	37	
51	73	82	
75	40	81	
36	7	70	
31	100	50	
74	41	19	
14	13	40	
6	58	82	
19	43	27	
55	22	26	
29	10	24	
23	73	87	
75	92	39	
7	35	13	
67	65	18	
7	32	19	
83	69	18	
69	49	43	
55	33	35	
2	38	22	
74	58	71	
70	83	58	
46	44	63	
85	62	8	
33	74	86	
54	52	99	
32	45	42	
20	90	52	
57	38	91	
67	49	15	
10	1	7	
19	57	15	
24	1	69	
93	13	82	
38	97	100	
60	52	20	
17	88	69	
89	15	16	
54	93	6	
99	100	45	
45	2	34	
71	48	44	
3	12	26	
64	90	19	
21	95	99	
31	79	85	
96	55	28	
53	80	3	
90	5	69	
76	6	37	
92	53	40	
3	31	33	
47	20	95	
93	46	1	
52	97	27	
68	71	79	
59	95	35	
4	47	60	
83	60	10	
12	51	3	
67	85	58	
77	25	63	
85	46	34	
74	87	13	
42	98	40	
48	75	89	
27	43	59	
74	72	99	
44	59	12	
10	27	48	
58	11	91	
43	22	35	
53	65	3	
27	35	75	
85	90	78	
26	70	28	
97	5	8	
81	91	84	
45	87	5	
99	66	23	
41	73	84	
82	51	87	
36	93	91	
41	75	36	
68	35	95	
19	57	50	
70	4	81	
73	85	99	
100	59	72	
81	60	7	
8	25	41	
56	94	88	
79	84	28	
89	92	95	
46	76	70	
9	16	16	
83	12	7	
88	82	89	
54	39	69	
18	49	60	
18	97	57	
53	7	32	
39	84	67	
36	91	85	
7	76	11	
31	97	19	
92	81	64	
2	57	33	
2	17	67	
32	7	50	
1	45	87	
83	62	44	
66	1	96	
91	59	53	
63	40	24	
55	56	58	
93	63	16	
2	13	60	
22	79	55	
88	88	53	
49	49	68	
71	59	22	
20	44	2	
79	45	24	
87	44	70	
45	72	13	
74	17	6	
6	74	19	
38	20	68	
93	70	67	
97	48	87	
85	62	35	
26	70	92	
43	64	51	
21	12	51	
36	39	46	
58	64	88	
11	92	3	
64	80	58	
76	95	91	
19	22	15	
48	14	78	
94	36	44	
66	44	8	
79	4	57	
55	50	31	
94	62	94	
54	79	76	
43	92	96	
57	45	99	
17	83	38	
5	68	56	
57	30	41	
47	12	72	
90	38	39	
30	93	80	
94	59	56	
48	73	98	
95	10	3	
43	12	58	
72	73	48	
50	15	64	
38	90	17	
7	18	36	
24	86	65	
91	5	2	
20	87	29	
89	27	66	
99	21	99	
50	71	9	
87	56	78	
79	32	6	
70	86	88	
85	93	84	
91	50	19	
33	49	1	
100	70	75	
37	37	40	
93	27	82	
10	92	19	
45	34	66	
85	3	44	
67	83	71	
96	34	89	
65	66	45	
57	16	21	
79	50	37	
37	30	81	
48	86	88	
7	60	65	
50	34	63	
22	11	78	
92	56	7	
44	18	70	
41	90	74	
11	51	66	
88	49	33	
97	59	44	
40	88	35	
69	6	78	
45	2	12	
6	54	4	
40	87	8	
80	84	86	
27	96	51	
83	39	85	
83	25	19	
10	85	42	
19	89	62	
54	14	2	
42	68	64	
10	43	96	
30	73	91	
53	64	79	
7	68	29	
85	10	54	
93	72	30	
21	10	52	
30	77	43	
2	55	62	
77	33	48	
89	41	16	
99	7	83	
65	58	22	
83	65	44	
67	66	51	
57	66	43	
42	71	50	
15	99	44	
73	66	26	
65	85	76	
6	33	72	
97	92	3	
49	45	56	
60	95	2	
86	23	59	
56	88	64	
7	38	21	
23	42	19	
99	3	32	
93	70	26	
26	7	12	
43	47	7	
34	92	66	
68	97	81	
89	68	87	
3	91	56	
77	59	97	
97	16	70	
98	1	55	
75	73	47	
84	14	50	
78	13	60	
70	76	71	
73	55	44	
38	54	18	
29	75	1	
83	38	49	
62	52	64	
75	64	89	
51	40	64	
76	93	15	
18	72	76	
39	75	39	
51	50	88	
83	41	69	
41	88	54	
94	61	44	
18	66	37	
52	24	99	
100	12	92	
18	91	5	
93	19	34	
13	83	2	
80	67	32	
51	79	15	
23	50	84	
17	70	64	
6	86	92	
90	53	22	
8	79	10	
22	75	13	
3	64	86	
69	14	68	
81	64	87	
30	4	35	
50	75	33	
87	38	83	
5	26	49	
8	84	62	
37	16	12	
39	52	52	
50	97	87	
65	49	48	
65	18	60	
35	4	92	
58	61	2	
2	16	99	
15	52	60	
39	85	10	
2	41	60	
71	41	52	
84	13	67	
5	30	100	
89	16	64	
62	2	96	
52	41	55	
37	3	89	
61	65	43	
74	43	7	
83	93	38	
1	16	47	
70	20	11	
47	24	70	
85	85	63	
38	14	17	
84	51	33	
49	62	3	
61	23	70	
14	50	67	
12	91	11	
37	43	52	
13	52	96	
21	64	38	
59	16	29	
80	26	44	
20	98	62	
92	93	5	
87	80	63	
56	100	77	
84	73	50	
2	73	45	
3	55	21	
3	30	75	
36	51	61	
27	3	45	
58	12	58	
38	96	63	
75	11	39	
11	22	18	
91	44	46	
91	38	32	
16	46	60	
82	41	50	
53	52	15	
53	50	90	
93	33	24	
10	64	61	
82	63	79	
64	82	72	
97	70	51	
65	19	72	
66	22	52	
47	59	45	
62	74	56	
46	12	29	
6	94	21	
42	55	76	
61	82	72	
21	9	89	
58	68	49	
67	48	85	
63	82	93	
10	3	85	
97	79	95	
68	35	4	
56	79	29	
63	34	81	
16	60	6	
17	81	97	
70	56	29	
93	46	58	
34	60	86	
84	32	14	
63	3	8	
57	8	90	
35	75	55	
46	98	41	
32	42	6	
45	94	19	
11	46	68	
10	59	94	
44	50	44	
42	56	57	
90	6	21	
98	1	47	
65	85	79	
82	52	90	
7	64	43	
2	65	76	
98	20	44	
90	37	84	
67	80	2	
5	80	62	
17	31	100	
100	12	17	
52	41	38	
30	68	41	
32	1	94	
35	28	23	
50	83	42	
3	94	63	
88	60	53	
89	57	35	
97	34	10	
13	45	66	
85	13	45	
99	64	83	
1	72	71	
76	13	31	
81	30	44	
12	53	85	
99	42	33	
28	54	20	
48	25	50	
48	1	23	
53	75	28	
98	95	96	
13	94	70	
56	48	9	
38	24	72	
92	32	23	
96	9	72	
98	16	34	
49	93	20	
58	80	32	
48	21	73	
76	32	11	
44	49	79	
17	32	15	
92	4	7	
6	72	27	
29	22	35	
71	65	17	
37	88	82	
32	73	79	
11	64	82	
55	1	75	
94	20	51	
38	5	94	
94	52	90	
72	58	16	
73	61	11	
15	77	57	
62	53	29	
100	90	50	
30	84	36	
42	39	81	
75	22	74	
74	99	95	
39	72	29	
72	88	66	
96	55	3	
64	7	25	
51	84	47	
7	10	72	
92	78	76	
20	17	16	
92	23	5	
61	83	97	
5	19	85	
6	60	93	
39	9	13	
87	71	34	
20	85	9	
31	72	23	
14	83	93	
4	91	23	
31	63	83	
41	87	82	
71	40	46	
31	76	50	
71	62	62	
54	21	48	
51	17	95	
53	66	72	
17	69	44	
68	96	13	
63	70	13	
34	18	95	
20	3	55	
11	12	68	
34	75	39	
31	39	21	
63	86	81	
15	95	3	
15	83	97	
84	24	1	
14	84	39	
9	53	48	
100	25	52	
23	49	23	
68	3	69	
60	91	65	
59	32	9	
60	60	82	
72	87	76	
9	74	65	
55	53	18	
81	75	59	
98	92	25	
51	83	38	
77	80	22	
31	4	47	
76	98	30	
86	50	15	
72	16	55	
7	20	61	
38	4	19	
72	60	65	
5	89	43	
35	29	73	
47	57	23	
85	82	6	
43	35	17	
77	15	49	
21	63	33	
32	28	33	
88	68	7	
77	14	37	
97	82	59	
66	46	89	
36	72	33	
35	46	99	
56	93	58	
56	38	91	
95	53	28	
60	27	33	
73	16	68	
6	15	96	
54	74	80	
38	9	79	
57	81	54	
54	19	16	
71	45	15	
48	77	34	
60	42	49	
71	37	13	
95	9	60	
92	75	30	
35	24	1	
50	54	49	
69	83	97	
45	36	60	
72	73	78	
80	61	87	
49	20	14	
81	70	23	
29	48	92	
91	5	58	
98	96	63	
98	54	29	
10	53	9	
27	83	79	
25	70	1	
85	82	63	
60	42	32	
88	37	32	
94	80	28	
59	5	71	
3	49	85	
29	31	90	
21	15	64	
36	65	90	
5	68	24	
9	57	32	
60	31	58	
44	36	9	
88	71	16	
95	18	55	
60	41	2	
73	43	69	
27	68	55	
92	77	45	
2	1	68	
56	95	99	
64	50	20	
32	93	78	
80	31	84	
43	10	75	
7	55	96	
92	3	75	
5	83	99	
71	22	4	
100	73	40	
36	4	70	
38	85	99	
48	61	4	
75	80	96	
66	60	3	
49	84	23	
25	6	26	
25	14	26	
92	67	72	
72	47	25	
15	23	22	
72	11	35	
28	58	65	
76	82	98	
1	60	26	
52	20	32	
44	46	3	
56	38	68	
30	60	71	
62	91	100	
89	85	75	
86	35	26	
96	91	38	
67	73	56	
16	55	59	
57	43	57	
60	41	100	
31	74	44	
56	53	63	
81	57	86	
12	14	90	
96	29	2	
16	13	6	
91	65	41	
56	27	2	
2	60	85	
58	2	13	
69	99	84	
38	100	100	
24	58	53	
33	29	7	
86	22	57	
25	7	37	
92	84	22	
47	17	15	
78	61	35	
73	86	57	
11	10	27	
30	40	18	
74	98	43	
73	77	28	
72	43	64	
85	24	16	
84	89	41	
60	12	50	
97	29	100	
69	29	90	
67	85	65	
80	24	68	
22	79	25	
34	25	3	
73	29	100	
53	17	64	
90	13	6	
36	66	56	
45	8	20	
70	47	5	
22	18	48	
46	59	94	
24	43	11	
58	81	80	
67	5	25	
65	35	61	
83	77	2	
65	88	51	
20	74	97	
35	39	47	
8	90	21	
62	53	72	
18	20	62	
51	63	64	
55	76	99	
77	28	60	
46	35	64	
81	88	83	
20	18	11	
10	77	58	
17	31	6	
35	41	98	
74	100	93	
30	15	49	
66	28	41	
99	28	82	
59	92	21	
62	11	72	
89	71	75	
8	19	6	
95	80	47	
6	99	53	
48	30	76	
56	73	97	
15	92	81	
16	17	59	
83	60	69	
96	60	75	
16	11	44	
1	28	98	
64	84	25	
31	76	93	
28	15	40	
86	86	45	
29	84	5	
85	69	62	
10	53	35	
12	71	42	
90	50	91	
24	6	61	
37	19	70	
57	70	62	
4	94	100	
58	62	1	
59	52	21	
63	14	8	
25	88	20	
93	37	89	
97	78	5	
99	41	76	
94	32	75	
36	81	69	
30	64	8	
95	69	65	
10	41	41	
43	38	46	
62	40	24	
66	43	80	
100	75	34	
5	52	66	
48	52	76	
37	49	52	
33	28	81	
27	3	36	
52	81	44	
12	48	47	
99	34	28	
89	26	26	
55	16	100	
78	63	83	
78	10	38	
74	49	81	
96	64	25	
5	32	82	
14	11	60	
97	72	2	
94	9	37	
26	5	61	
2	2	65	
58	70	7	
92	51	57	
68	94	80	
84	6	32	
79	35	34	
69	33	12	
82	34	82	
66	25	92	
35	7	50	
21	49	22	
83	35	51	
41	89	5	
26	51	80	
72	72	34	
90	17	62	
41	17	26	
12	21	40	
74	19	18	
79	3	27	
97	7	31	
71	56	97	
15	17	58	
60	65	47	
9	50	20	
44	46	100	
74	53	100	
34	70	91	
98	78	59	
1	67	77	
46	31	100	
80	56	47	
81	100	40	
17	36	77	
68	11	51	
18	14	18	
41	5	96	
11	21	79	
21	54	54	
34	54	84	
19	19	68	
45	59	13	
59	92	21	
44	38	20	
63	31	16	
5	97	35	
35	8	46	
40	18	20	
26	18	15	
65	30	26	
31	31	44	
1	76	28	
39	46	34	
75	72	52	
69	80	36	
26	19	70	
67	78	41	
8	41	9	
57	49	44	
84	16	80	
49	22	49	
78	100	74	
67	75	67	
88	43	31	
66	33	6	
47	7	26	
33	81	25	
19	34	88	
75	24	61	
86	27	9	
76	87	71	
32	65	42	
53	8	34	
96	95	70	
30	41	39	
95	59	27	
30	80	88	
27	75	49	
93	79	19	
2	13	54	
31	33	20	
10	85	54	
59	95	64	
89	66	2	
52	48	88	
29	59	85	
82	54	27	
19	18	39	
4	98	6	
1	53	66	
18	90	87	
36	47	49	
99	91	22	
32	21	65	
57	4	33	
3	97	42	
14	49	26	
43	82	7	
7	6	10	
100	14	45	
50	4	12	
13	49	17	
73	100	47	
51	63	50	
96	54	85	
60	3	18	
93	32	35	
61	27	29	
10	49	89	
32	27	72	
79	1	34	
16	42	99	
95	97	46	
83	35	51	
98	28	29	
18	93	49	
37	5	23	
64	56	66	
45	66	19	
39	90	36	
57	82	27	
68	67	31	
41	38	43	
100	30	82	
23	74	34	
75	64	7	
77	75	67	
16	40	9	
55	3	24	
77	46	100	
98	90	78	
65	52	70	
48	16	21	
63	99	17	
85	21	90	
92	40	58	
41	46	34	
53	18	56	
19	32	94	
82	65	81	
50	25	23	
71	11	55	
100	71	14	
4	41	9	
69	62	56	
93	76	50	
76	58	91	
62	22	1	
46	76	1	
1	43	89	
66	96	27	
20	66	19	
76	94	22	
74	99	97	
14	30	23	
89	50	8	
58	51	53	
70	60	46	
75	18	73	
4	6	47	
43	65	25	
65	14	92	
90	73	93	
63	46	25	
26	57	96	
10	46	63	
87	75	35	
15	36	67	
94	45	28	
100	25	89	
22	55	10	
90	61	96	
98	73	65	
73	26	5	
81	11	68	
15	70	26	
58	92	83	
91	91	74	
97	44	95	
68	52	91	
58	53	68	
40	16	92	
42	81	88	
63	84	21	
75	38	13	
100	20	24	
17	5	67	
59	54	82	
95	65	7	
58	69	39	
2	55	91	
14	36	2	
77	90	92	
100	23	47	
79	22	16	
36	72	72	
35	14	57	
92	45	69	
100	49	70	
79	19	81	
85	29	55	
52	76	32	
8	43	17	
25	96	64	
60	20	97	
38	76	48	
61	15	52	
11	5	43	
23	90	66	
65	69	28	
56	88	55	
96	32	14	
38	45	82	
80	71	37	
36	71	46	
14	19	53	
9	70	64	
46	63	47	
90	45	35	
70	38	60	
59	68	71	
27	87	26	
66	1	76	
11	43	80	
81	2	86	
52	49	66	
60	58	65	
73	25	75	
69	72	67	
62	47	29	
6	88	61	
84	20	75	
49	12	76	
86	6	30	
46	64	25	
31	65	63	
46	27	98	
62	13	19	
84	47	49	
100	34	43	
13	50	5	
7	46	27	
71	8	77	
62	1	71	
61	100	28	
99	93	50	
61	72	16	
77	22	13	
34	38	18	
86	100	50	
96	16	55	
30	43	51	
58	65	99	
57	98	59	
11	1	21	
79	93	79	
39	37	82	
12	27	45	
31	29	38	
51	57	68	
25	7	68	
56	18	85	
100	67	10	
55	89	11	
14	41	42	
40	16	82	
68	36	40	
45	41	53	
100	45	51	
65	62	49	
19	69	37	
25	12	60	
10	63	53	
30	73	52	
68	69	36	
86	68	48	
100	61	46	
3	68	17	
92	44	91	
3	83	83	
6	58	23	
74	78	90	
57	67	96	
8	80	46	
12	44	41	
3	71	22	
78	22	49	
89	31	35	
75	99	57	
1	15	43	
86	39	26	
68	9	61	
39	30	70	
41	2	91	
51	66	54	
40	12	23	
40	79	93	
44	74	73	
82	97	53	
57	79	24	
100	35	37	
54	69	4	
49	63	45	
87	41	24	
52	85	25	
89	19	30	
53	94	67	
36	24	95	
27	65	68	
73	34	56	
25	25	2	
1	24	20	
45	62	64	
89	50	31	
31	70	32	
14	46	81	
12	28	59	
19	61	36	
51	52	5	
65	97	2	
82	80	86	
21	26	40	
71	68	53	
13	68	61	
46	85	31	
51	21	30	
6	93	76	
2	14	12	
76	64	94	
25	99	10	
68	17	68	
40	99	86	
100	41	37	
6	96	51	
79	1	72	
9	87	36	
10	84	38	
61	44	42	
80	89	97	
43	73	28	
94	99	18	
17	94	90	
21	25	46	
38	54	16	
95	50	20	
95	48	68	
28	36	93	
65	88	41	
7	70	31	
55	79	79	
85	23	65	
25	51	18	
42	24	5	
55	75	29	
44	83	47	
99	47	21	
7	25	61	
40	24	77	
54	20	97	
57	52	97	
88	86	32	
8	28	30	
42	89	22	
67	74	2	
56	26	1	
25	70	74	
64	57	40	
20	35	59	
17	48	27	
92	51	56	
2	88	55	
5	76	81	
68	72	28	
38	100	18	
40	76	23	
95	90	10	
1	14	87	
97	7	70	
6	50	6	
18	75	24	
16	49	90	
92	31	4	
20	40	48	
46	37	68	
21	35	75	
31	52	86	
30	9	96	
52	49	11	
5	2	10	
65	96	14	
86	36	1	
42	36	68	
10	27	88	
15	33	1	
92	84	73	
8	79	64	
70	46	2	
63	99	33	
56	37	41	
52	74	11	
23	89	28	
80	17	83	
31	92	94	
62	32	84	
34	83	42	
61	28	30	
100	28	53	
88	54	11	
34	90	42	
86	80	24	
2	8	63	
75	70	60	
12	18	24	
21	32	72	
13	70	39	
86	50	92	
82	13	87	
38	89	10	
1	94	29	
86	10	29	
25	31	4	
54	84	80	
58	72	83	
93	83	71	
1	86	85	
24	93	78	
37	21	27	
45	71	65	
24	10	60	
72	79	67	
28	48	53	
8	18	54	
9	95	54	
28	9	23	
11	37	55	
56	94	88	
35	73	23	
51	66	49	
7	31	39	
40	63	52	
18	59	24	
50	55	71	
56	98	36	
66	45	45	
95	52	93	
96	75	17	
27	97	18	
13	44	14	
69	18	97	
18	16	14	
29	54	72	
32	67	66	
39	80	100	
50	32	3	
99	77	76	
9	1	23	
33	79	76	
99	85	93	
67	3	54	
16	1	60	
54	70	63	
19	19	86	
47	14	58	
8	72	93	
8	31	32	
53	57	25	
22	3	100	
64	13	78	
48	41	1	
49	75	59	
29	60	58	
55	85	94	
77	23	62	
25	15	54	
56	92	81	
45	13	17	
40	60	9	
71	82	5	
66	45	56	
30	1	89	
82	90	54	
66	7	93	
26	100	11	
81	39	55	
19	74	94	
74	84	31	
32	65	8	
99	82	16	
38	29	60	
26	13	71	
36	63	28	
7	25	81	
41	13	87	
89	61	49	
50	100	13	
1	20	36	
87	83	23	
98	26	81	
28	41	31	
78	13	8	
93	68	90	
42	74	28	
53	51	65	
54	31	40	
75	15	91	
4	97	34	
42	37	59	
86	29	50	
61	26	36	
79	11	2	
43	55	10	
46	31	19	
50	41	62	
7	67	44	
12	18	45	
19	35	55	
28	9	50	
34	40	7	
78	98	74	
86	73	5	
32	70	85	
67	80	28	
6	41	97	
80	4	37	
37	96	32	
38	67	8	
52	89	65	
46	10	79	
2	68	10	
99	55	82	
17	64	47	
42	11	56	
74	54	12	
25	14	51	
43	53	57	
29	19	21	
68	44	56	
34	41	82	
10	11	29	
67	97	51	
67	25	62	
96	40	38	
69	78	36	
88	36	74	
63	36	91	
91	11	15	
2	86	62	
45	18	94	
23	68	19	
90	76	17	
88	84	7	
23	44	24	
40	1	72	
77	31	7	
35	4	51	
77	77	7	
90	94	5	
89	56	55	
54	89	3	
64	9	85	
1	66	30	
16	78	84	
80	84	5	
84	42	25	
58	54	65	
85	5	2	
68	5	10	
3	76	60	
53	36	84	
31	94	39	
40	16	31	
54	10	13	
89	73	22	
25	63	91	
33	83	89	
53	57	91	
91	9	12	
13	28	96	
90	65	54	
30	8	52	
27	72	99	
26	33	52	
42	85	63	
41	50	51	
64	42	36	
69	85	44	
60	58	59	
20	89	39	
63	72	56	
84	32	6	
11	72	71	
63	67	27	
48	77	61	
58	12	56	
91	77	67	
76	59	16	
30	32	54	
71	35	52	
39	27	72	
20	61	58	
37	28	75	
24	53	88	
32	28	57	
97	56	18	
85	99	10	
35	15	11	
70	20	78	
44	34	77	
9	73	86	
33	86	10	
46	46	6	
88	90	50	
93	20	69	
61	10	96	
33	39	73	
9	26	39	
2	61	81	
65	55	73	
93	5	82	
95	3	25	
29	25	19	
17	7	41	
3	31	8	
30	39	17	
56	62	46	
32	40	2	
16	90	38	
19	61	24	
93	9	47	
46	50	77	
12	27	26	
41	80	35	
44	29	6	
68	5	74	
89	65	19	
54	65	68	
67	39	32	
70	45	56	
89	11	19	
66	99	49	
69	52	27	
91	80	67	
52	83	28	
14	47	43	
5	53	68	
40	23	97	
16	53	6	
54	89	47	
85	82	76	
95	93	95	
90	22	59	
20	95	90	
76	6	68	
37	81	61	
11	13	67	
2	64	55	
31	79	94	
74	60	5	
21	21	63	
7	56	21	
44	93	48	
44	67	61	
56	46	73	
90	11	26	
50	61	8	
47	75	1	
81	37	73	
40	20	91	
29	60	97	
50	79	88	
60	35	51	
94	80	52	
79	67	15	
16	75	91	
10	42	90	
80	8	55	
86	30	58	
43	72	43	
52	3	65	
17	16	53	
41	69	69	
67	75	16	
39	65	13	
93	46	49	
23	6	49	
24	18	64	
74	35	84	
38	67	77	
83	29	51	
16	5	66	
72	44	85	
89	69	35	
31	31	53	
91	15	28	
27	39	16	
42	67	16	
99	98	26	
81	51	92	
54	18	27	
38	98	29	
5	26	66	
47	39	9	
70	89	27	
89	89	36	
71	84	36	
19	23	63	
33	80	27	
17	28	67	
97	16	65	
82	77	86	
56	50	8	
22	17	87	
26	50	71	
75	20	76	
36	69	38	
97	11	94	
15	14	3	
85	99	99	
96	7	90	
91	57	46	
87	53	1	
87	62	96	
66	15	84	
26	51	99	
5	15	70	
8	81	14	
71	58	24	
58	56	66	
95	42	23	
27	17	95	
53	49	86	
6	37	68	
20	54	61	
64	31	69	
57	7	23	
15	74	65	
22	81	73	
57	87	51	
21	32	87	
99	23	9	
82	22	18	
28	18	18	
84	37	49	
40	5	22	
5	53	46	
17	37	91	
17	44	62	
12	91	37	
67	69	14	
26	3	14	
10	59	82	
72	96	59	
71	53	43	
22	97	52	
75	64	84	
64	59	16	
87	95	14	
63	9	67	
19	32	53	
29	82	54	
34	95	31	
44	84	19	
6	29	25	
79	89	39	
49	96	59	
23	5	15	
77	95	66	
31	7	21	
22	16	27	
100	40	6	
50	36	38	
5	34	99	
16	25	57	
51	92	35	
97	68	76	
63	60	82	
36	50	2	
80	17	11	
17	48	71	
89	85	23	
80	100	26	
81	26	93	
51	6	71	
49	13	56	
55	51	41	
45	19	93	
11	61	61	
16	84	78	
53	44	35	
40	47	47	
64	80	34	
4	61	44	
9	79	99	
88	9	28	
77	21	64	
73	64	6	
65	47	32	
66	80	3	
82	65	57	
29	67	34	
9	6	80	
34	21	8	
8	62	84	
31	60	33	
88	37	46	
57	29	57	
43	32	82	
64	70	34	
85	97	44	
57	93	83	
66	10	27	
50	26	75	
30	59	7	
43	64	57	
28	81	43	
20	56	25	
60	1	56	
37	19	12	
90	92	44	
79	91	9	
2	52	95	
95	35	47	
44	26	24	
14	45	18	
95	36	26	
79	19	77	
58	84	71	
39	60	74	
68	20	12	
65	36	64	
69	59	56	
82	92	29	
70	88	96	
31	72	43	
99	83	34	
97	2	73	
90	85	1	
91	71	57	
64	79	7	
39	31	88	
43	82	40	
82	1	61	
82	53	44	
62	12	37	
1	81	21	
87	57	64	
80	46	56	
91	21	61	
68	45	95	
21	38	97	
88	35	7	
27	58	10	
63	55	100	
87	61	9	
34	54	79	
64	34	90	
24	76	5	
50	75	99	
97	3	54	
59	49	2	
21	78	30	
82	85	20	
85	3	82	
6	48	94	
21	48	54	
65	3	32	
75	55	23	
91	39	37	
45	65	70	
28	21	13	
46	19	87	
3	26	42	
22	37	21	
69	9	37	
11	31	100	
17	82	66	
8	62	3	
83	25	51	
84	83	94	
90	72	89	
5	29	95	
61	56	67	
44	2	60	
98	88	20	
40	28	72	
33	94	30	
63	13	26	
5	68	37	
80	29	43	
8	85	21	
14	82	82	
4	50	22	
97	94	16	
7	40	10	
95	100	64	
64	72	89	
26	64	34	
34	18	77	
60	18	94	
9	16	44	
90	6	89	
78	31	78	
77	8	9	
44	53	5	
18	90	23	
9	36	28	
75	42	58	
99	62	97	
68	83	43	
21	69	31	
63	96	98	
46	93	33	
30	99	75	
45	68	90	
92	47	78	
38	6	92	
20	96	20	
5	85	42	
82	10	26	
94	86	95	
31	10	92	
90	65	4	
45	60	13	
18	36	3	
15	39	96	
41	24	22	
98	27	9	
5	48	57	
62	15	24	
21	78	78	
33	31	41	
87	60	47	
97	72	74	
87	29	56	
32	44	54	
79	91	13	
43	85	58	
47	71	17	
99	47	38	
4	20	34	
40	68	4	
66	80	58	
13	99	20	
86	79	25	
91	69	23	
2	84	71	
46	12	21	
53	91	80	
100	94	72	
18	1	38	
8	97	71	
86	82	95	
38	15	17	
70	34	91	
81	75	37	
77	97	96	
45	62	56	
92	24	24	
3	82	70	
80	40	19	
39	80	37	
94	35	50	
68	67	92	
69	99	25	
93	66	4	
44	44	44	
47	45	13	
100	55	69	
62	39	3	
6	85	49	
11	6	24	
96	92	9	
37	48	81	
30	37	61	
19	42	96	
7	8	1	
80	5	48	
99	45	18	
24	14	53	
57	80	94	
8	83	72	
30	84	24	
68	55	24	
90	78	59	
99	23	5	
62	80	39	
36	85	65	
81	48	57	
93	10	58	
80	94	48	
17	15	79	
98	12	11	
67	85	89	
2	29	22	
15	86	57	
83	66	86	
27	20	33	
5	90	8	
55	38	35	
38	2	34	
29	86	46	
74	79	44	
15	90	97	
3	11	95	
43	79	71	
68	94	41	
16	24	89	
9	2	12	
69	6	21	
20	42	86	
52	13	54	
84	71	5	
95	83	28	
35	18	29	
14	18	58	
82	27	5	
20	20	81	
90	1	67	
52	83	9	
42	46	2	
63	68	80	
9	41	98	
40	62	32	
50	8	57	
65	17	39	
68	55	89	
51	24	89	
33	24	34	
91	92	39	
85	21	89	
59	52	92	
66	21	28	
98	87	42	
19	69	17	
31	44	36	
85	12	63	
45	51	39	
98	83	96	
37	25	8	
19	74	71	
43	23	78	
74	89	3	
83	1	21	
57	43	26	
22	1	92	
2	49	70	
7	48	17	
33	2	14	
64	41	4	
32	47	68	
87	85	93	
80	53	100	
60	48	80	
86	62	82	
1	81	96	
40	68	96	
41	35	55	
24	46	80	
80	69	33	
23	45	90	
60	47	67	
50	96	16	
71	74	88	
11	10	95	
96	75	15	
98	86	41	
11	81	88	
58	32	29	
44	29	95	
82	46	100	
73	30	40	
5	53	74	
52	38	12	
40	30	62	
38	9	57	
95	17	95	
81	89	52	
10	46	29	
50	1	24	
15	53	70	
91	22	14	
34	59	49	
39	42	1	
71	5	78	
84	57	11	
12	63	80	
31	26	12	
78	60	30	
43	21	26	
42	61	35	
78	88	100	
74	26	52	
71	47	86	
14	95	47	
36	52	74	
10	14	67	
23	36	86	
42	95	43	
86	70	43	
86	54	54	
16	87	72	
1	72	7	
56	50	18	
96	9	53	
70	90	75	
38	87	99	
91	6	73	
48	40	82	
35	32	68	
9	18	51	
100	76	96	
41	9	8	
17	87	88	
19	12	47	
65	39	70	
71	17	40	
55	7	69	
19	94	40	
63	4	7	
66	27	33	
40	14	7	
55	54	65	
1	42	74	
28	14	15	
56	72	6	
37	62	47	
73	14	71	
38	77	7	
20	59	82	
43	52	87	
74	74	80	
69	23	73	
92	81	14	
79	86	79	
11	53	90	
88	91	55	
72	86	30	
84	58	89	
3	72	63	
19	69	99	
65	14	51	
41	28	93	
80	72	73	
59	86	26	
66	28	57	
47	95	45	
69	12	2	
20	69	78	
56	83	42	
86	97	54	
16	71	27	
60	79	90	
14	62	2	
74	86	98	
53	19	7	
18	2	40	
54	98	64	
89	54	25	
3	41	38	
48	7	40	
85	33	87	
13	44	23	
69	12	4	
15	74	38	
61	62	97	
39	39	14	
77	84	28	
96	75	53	
18	40	1	
75	19	33	
45	75	31	
100	63	76	
27	34	51	
79	8	29	
66	44	98	
24	4	50	
79	73	6	
15	36	28	
39	1	39	
18	5	57	
16	53	94	
87	22	62	
54	24	65	
81	34	72	
95	48	92	
99	80	75	
94	87	79	
92	5	65	
46	7	60	
29	49	99	
89	39	32	
16	80	62	
96	92	14	
61	64	44	
93	23	81	
4	15	81	
23	75	92	
42	7	54	
95	94	95	
64	33	75	
100	23	72	
6	100	2	
15	59	3	
6	30	51	
60	88	78	
79	18	41	
27	29	44	
57	2	96	
43	10	34	
26	30	60	
11	34	96	
70	18	88	
59	44	36	
32	24	40	
94	10	52	
88	38	69	
10	66	41	
23	62	64	
56	65	2	
71	32	33	
52	18	97	
100	65	39	
20	75	61	
85	71	41	
59	90	10	
98	16	5	
88	80	80	
16	95	43	
74	100	41	
24	6	58	
20	59	44	
2	33	77	
7	43	100	
69	11	77	
32	31	4	
27	91	23	
25	41	33	
9	14	39	
39	33	74	
61	10	2	
57	87	98	
92	66	56	
17	74	9	
6	4	19	
28	52	58	
86	7	16	
27	49	18	
42	29	47	
55	7	99	
85	89	40	
74	30	53	
5	66	88	
63	29	61	
7	5	72	
95	70	28	
51	46	93	
56	93	52	
64	63	39	
7	15	66	
32	9	83	
89	83	23	
21	40	97	
4	67	78	
31	42	83	
33	56	57	
89	84	53	
39	32	99	
14	81	13	
65	33	32	
20	61	65	
48	19	90	
53	74	55	
15	16	49	
45	88	17	
84	18	47	
79	2	87	
64	26	79	
20	56	63	
38	22	88	
67	36	99	
46	55	100	
57	84	31	
10	34	30	
76	63	71	
76	84	19	
14	37	77	
70	94	42	
27	83	53	
42	67	19	
4	94	41	
7	15	66	
82	82	89	
84	7	37	
21	30	49	
48	83	94	
74	50	4	
28	38	42	
72	20	27	
98	46	47	
91	36	43	
70	67	80	
17	81	50	
72	67	18	
100	36	22	
40	61	75	
98	59	86	
98	2	68	
37	100	7	
18	22	2	
8	21	23	
42	68	13	
18	87	1	
91	62	24	
40	32	70	
26	89	47	
26	76	64	
78	64	66	
36	17	40	
90	22	23	
25	36	78	
29	34	96	
57	45	57	
30	98	84	
63	73	22	
93	98	85	
23	30	89	
63	82	76	
80	27	89	
83	37	87	
16	71	6	
59	65	88	
58	5	75	
1	76	31	
12	36	29	
31	98	2	
87	66	88	
77	30	81	
50	28	75	
61	90	78	
9	67	91	
83	99	60	
40	40	17	
15	91	90	
55	14	80	
95	60	22	
76	49	81	
36	95	51	
48	100	78	
70	100	8	
39	49	43	
78	38	14	
12	47	32	
62	64	57	
79	23	79	
96	18	56	
64	14	21	
42	68	53	
24	6	13	
70	72	43	
12	31	6	
34	49	8	
17	37	95	
87	44	90	
11	56	17	
25	31	21	
17	13	28	
20	79	11	
89	6	20	
88	91	54	
97	83	69	
47	58	43	
77	74	52	
71	30	54	
97	48	77	
58	87	3	
39	49	62	
68	41	22	
99	59	39	
74	11	35	
67	24	42	
28	93	15	
37	74	64	
83	6	44	
16	37	3	
43	96	49	
91	9	52	
35	88	15	
55	2	34	
7	62	58	
36	73	65	
96	21	32	
12	84	47	
89	18	78	
89	13	70	
27	29	5	
42	91	31	
56	73	76	
35	8	46	
87	34	65	
55	6	48	
59	52	50	
48	47	76	
62	81	29	
6	69	32	
97	90	66	
27	41	12	
78	29	15	
58	80	21	
92	65	17	
81	89	1	
9	78	9	
85	23	10	
96	71	84	
99	6	14	
16	95	93	
78	14	6	
94	77	21	
75	91	83	
62	63	95	
29	72	61	
89	24	92	
67	31	52	
21	38	83	
76	51	4	
8	4	17	
98	40	10	
97	66	13	
87	29	67	
7	85	23	
84	17	18	
64	80	20	
56	15	74	
1	65	42	
26	45	91	
27	16	43	
73	57	33	
7	80	45	
90	27	52	
64	68	23	
95	34	98	
22	4	50	
4	83	46	
73	40	74	
64	45	45	
21	5	60	
56	99	85	
45	52	56	
54	34	82	
18	17	36	
65	80	17	
61	89	94	
27	97	67	
80	69	15	
21	60	48	
10	38	19	
69	81	96	
92	35	64	
24	6	19	
58	67	23	
78	27	52	
49	96	58	
22	52	18	
81	31	19	
17	1	99	
17	39	45	
39	80	79	
18	59	78	
92	70	35	
22	59	11	
1	22	71	
3	88	75	
79	89	44	
94	70	30	
70	27	75	
30	49	67	
59	47	59	
40	55	17	
62	44	88	
43	90	22	
27	41	63	
95	67	7	
57	77	58	
59	72	30	
35	52	19	
72	85	67	
25	28	40	
46	38	74	
78	12	4	
88	67	39	
73	54	30	
74	82	78	
43	83	90	
84	65	52	
98	50	41	
15	77	23	
78	28	23	
30	68	56	
75	90	79	
47	22	96	
29	2	100	
17	84	48	
97	34	47	
100	37	82	
5	48	17	
96	27	96	
42	83	79	
16	92	75	
73	20	72	
72	27	100	
11	29	49	
73	36	39	
62	75	85	
81	87	72	
65	90	65	
58	57	49	
43	89	85	
64	82	64	
88	40	76	
2	64	13	
80	33	88	
59	40	95	
47	29	63	
12	77	14	
34	73	82	
13	97	55	
11	78	31	
44	66	75	
98	91	70	
41	49	14	
31	25	80	
94	52	98	
30	84	66	
74	39	63	
6	4	37	
61	12	5	
54	42	3	
5	52	56	
45	99	79	
7	87	58	
40	13	89	
78	54	88	
100	46	79	
44	17	42	
74	32	80	
44	88	58	
31	74	90	
92	88	31	
13	21	57	
93	9	70	
6	50	44	
65	94	55	
27	3	35	
11	83	91	
65	54	85	
6	82	47	
71	55	7	
31	100	9	
95	83	36	
67	76	24	
13	8	35	
23	82	36	
58	41	17	
55	22	69	
93	61	44	
66	71	10	
64	63	6	
45	4	100	
37	64	43	
59	11	83	
53	81	10	
38	48	72	
58	97	5	
10	58	39	
53	76	38	
7	80	84	
80	64	51	
41	64	2	
90	66	83	
18	53	98	
3	35	100	
67	100	4	
18	88	52	
4	79	34	
62	96	43	
35	58	51	
55	75	80	
19	91	13	
43	88	1	
68	60	95	
4	19	59	
25	85	10	
12	46	96	
57	72	61	
36	27	35	
86	44	20	
84	35	35	
60	40	20	
23	19	56	
89	17	50	
23	54	45	
56	41	80	
20	75	97	
7	80	93	
49	76	45	
4	55	84	
93	77	42	
42	90	13	
27	14	43	
50	86	91	
51	49	49	
17	35	19	
67	100	41	
33	15	64	
14	21	40	
70	72	14	
41	27	14	
8	30	32	
82	89	53	
46	20	48	
48	41	77	
45	24	37	
31	74	86	
21	80	69	
15	92	3	
17	69	29	
22	31	30	
26	74	75	
57	33	33	
57	91	68	
30	56	9	
84	88	36	
51	25	88	
63	66	95	
13	70	19	
8	42	65	
84	3	11	
75	68	43	
22	87	19	
74	9	4	
40	56	76	
77	42	94	
52	45	26	
15	35	63	
43	43	21	
44	57	100	
72	93	48	
11	4	97	
89	75	49	
52	47	37	
53	3	12	
17	35	57	
63	76	78	
81	82	43	
80	98	52	
92	14	4	
33	76	41	
73	47	13	
23	33	1	
13	76	70	
15	44	68	
9	16	84	
94	42	8	
19	76	46	
82	11	66	
64	23	73	
17	9	1	
55	32	81	
31	69	77	
11	78	83	
2	85	29	
58	8	50	
62	64	42	
77	100	66	
11	43	54	
53	9	9	
34	100	22	
91	95	90	
25	57	16	
64	67	77	
70	86	96	
77	54	83	
56	59	20	
22	26	34	
100	25	68	
25	70	69	
10	48	97	
73	5	67	
78	48	65	
44	92	84	
47	16	24	
77	93	17	
81	11	68	
55	34	6	
55	25	100	
16	13	51	
7	77	69	
75	70	46	
15	73	75	
10	88	84	
9	55	30	
98	64	61	
86	71	48	
91	15	47	
6	75	8	
90	100	99	
48	30	56	
43	25	88	
7	72	98	
72	13	16	
81	7	33	
8	33	86	
23	50	2	
94	77	17	
31	2	82	
58	98	21	
20	87	63	
25	18	39	
39	89	9	
40	83	12	
56	13	4	
54	6	95	
26	81	20	
32	14	37	
61	7	43	
92	97	71	
52	78	7	
86	68	88	
87	66	58	
84	32	1	
83	81	32	
66	27	66	
24	72	19	
10	3	58	
58	53	4	
52	83	82	
36	54	23	
12	82	86	
17	64	45	
72	66	58	
56	35	52	
84	61	19	
79	41	69	
39	50	97	
85	37	73	
94	33	40	
23	11	97	
34	27	9	
5	66	96	
72	11	9	
73	4	88	
6	16	45	
84	19	87	
8	75	17	
69	15	45	
28	43	81	
50	67	39	
76	74	47	
71	19	8	
86	15	1	
70	4	88	
72	22	14	
9	43	76	
91	40	39	
59	40	7	
80	55	80	
25	40	93	
65	47	84	
31	31	55	
12	82	86	
16	34	8	
26	86	83	
24	83	93	
30	74	11	
77	97	5	
18	3	18	
59	93	23	
84	15	19	
67	19	58	
88	5	82	
88	35	78	
51	71	43	
89	93	79	
82	6	27	
32	50	88	
92	21	22	
31	91	50	
18	32	48	
3	91	79	
38	21	66	
26	58	70	
35	88	41	
83	90	65	
93	22	41	
18	85	100	
17	69	75	
38	36	46	
79	95	12	
8	70	19	
3	19	61	
27	3	56	
28	80	52	
24	99	30	
28	39	49	
74	22	60	
100	14	96	
77	21	69	
92	55	73	
78	47	97	
81	37	18	
47	50	48	
97	27	60	
34	41	29	
38	70	12	
46	24	96	
52	55	89	
20	14	59	
72	50	67	
68	29	83	
42	56	36	
86	16	12	
43	9	36	
26	46	51	
78	63	29	
38	99	31	
45	18	15	
77	95	64	
36	96	6	
5	43	100	
36	43	6	
96	61	62	
85	48	56	
73	58	66	
34	40	15	
93	13	98	
53	62	14	
100	32	61	
39	61	46	
64	24	85	
18	63	45	
21	27	26	
30	29	10	
100	96	96	
60	6	80	
61	28	21	
28	23	70	
54	37	24	
25	38	20	
67	47	14	
55	32	99	
9	41	25	
100	53	64	
38	61	88	
15	99	53	
87	7	34	
38	30	73	
76	69	19	
63	52	76	
74	83	7	
4	70	73	
76	94	70	
3	44	90	
82	68	2	
36	76	38	
25	99	8	
69	30	23	
20	37	33	
71	42	56	
13	80	36	
74	32	69	
37	59	90	
75	78	55	
17	81	56	
20	73	6	
81	56	82	
3	66	16	
59	13	39	
46	35	39	
11	92	87	
17	12	68	
90	17	47	
97	89	39	
61	86	28	
8	45	17	
75	19	61	
93	74	1	
4	78	83	
19	75	92	
41	2	25	
67	86	47	
94	82	42	
41	35	26	
47	68	47	
15	77	88	
41	67	51	
43	18	70	
18	64	3	
41	22	89	
100	78	75	
100	77	73	
25	22	37	
59	55	5	
78	32	78	
92	52	99	
93	25	9	
81	51	74	
90	70	81	
93	87	6	
6	63	86	
92	97	48	
2	74	45	
86	27	92	
21	84	67	
26	11	82	
72	9	99	
6	48	77	
53	93	18	
70	71	47	
35	17	45	
90	61	51	
40	39	77	
69	18	84	
43	63	60	
43	55	43	
86	10	15	
57	31	92	
11	18	10	
66	75	53	
4	80	87	
90	13	100	
85	66	11	
53	29	40	
4	95	77	
27	9	41	
33	45	2	
84	37	100	
78	78	18	
59	21	19	
47	64	97	
58	16	5	
40	47	82	
73	2	6	
27	38	98	
3	25	61	
30	3	14	
10	81	52	
54	81	35	
18	100	50	
60	39	64	
6	13	21	
98	98	22	
46	33	17	
33	13	2	
70	78	32	
15	56	98	
49	33	91	
21	75	38	
9	58	97	
26	85	53	
94	80	35	
81	50	44	
21	93	21	
8	10	41	
82	7	97	
86	34	48	
69	38	27	
71	76	47	
75	1	59	
39	34	99	
49	9	5	
21	88	39	
9	27	45	
51	24	92	
10	5	79	
21	59	11	
1	90	79	
28	52	87	
93	14	58	
88	39	39	
35	63	22	
28	62	2	
52	93	46	
22	36	65	
51	29	44	
14	66	21	
100	64	50	
50	42	67	
97	34	10	
72	91	9	
58	37	13	
12	28	85	
3	78	84	
78	68	46	
20	19	71	
12	5	74	
19	11	60	
51	95	100	
63	63	93	
68	27	15	
30	17	47	
73	11	35	
95	98	82	
35	15	15	
91	58	30	
1	2	39	
43	11	16	
70	83	22	
22	76	5	
21	89	100	
72	80	35	
33	67	48	
59	75	51	
81	57	76	
41	14	1	
59	27	66	
82	19	49	
60	51	98	
37	98	46	
82	13	56	
57	94	77	
19	39	55	
41	65	54	
21	32	23	
67	21	83	
97	72	48	
65	3	46	
9	92	46	
16	44	6	
99	55	15	
38	20	12	
3	9	92	
52	40	86	
48	3	16	
94	55	64	
93	32	12	
25	86	81	
80	54	71	
99	99	25	
64	70	8	
54	1	72	
33	36	47	
50	74	36	
53	64	41	
32	46	8	
87	53	30	
13	73	39	
8	15	69	
15	26	35	
34	92	73	
32	47	85	
97	28	84	
50	85	50	
18	90	20	
90	69	26	
91	32	45	
76	71	61	
54	87	51	
22	86	7	
83	87	88	
37	88	34	
14	58	60	
25	60	1	
86	58	60	
66	39	41	
63	96	16	
8	18	11	
8	56	94	
37	74	12	
34	80	52	
27	66	90	
88	46	10	
43	16	36	
93	3	21	
63	68	60	
20	95	59	
71	68	33	
2	57	1	
47	6	24	
42	4	10	
40	47	56	
93	32	82	
69	2	86	
19	28	36	
80	31	59	
9	52	29	
16	38	39	
68	60	20	
38	66	61	
56	81	67	
53	86	69	
15	5	64	
90	45	47	
52	82	47	
13	4	18	
51	83	1	
55	72	99	
42	32	96	
63	74	50	
91	63	38	
8	32	65	
34	86	39	
19	84	90	
62	100	58	
16	81	64	
85	19	62	
11	22	39	
39	32	1	
17	31	7	
74	57	92	
52	24	84	
61	74	37	
20	57	17	
60	45	72	
56	17	66	
42	100	35	
64	47	94	
13	82	69	
16	67	10	
97	52	61	
52	21	48	
60	74	99	
42	36	45	
15	63	60	
11	48	19	
21	81	37	
74	83	32	
27	38	45	
23	29	46	
46	13	43	
74	42	65	
78	68	28	
22	78	31	
63	75	55	
70	44	15	
61	25	37	
14	29	69	
12	20	13	
82	20	62	
97	47	40	
72	73	28	
79	62	79	
59	67	47	
77	26	22	
60	88	73	
52	70	72	
82	55	20	
68	29	14	
27	14	61	
28	15	100	
78	37	51	
90	68	42	
18	60	50	
6	30	33	
35	93	6	
38	25	21	
47	32	65	
53	23	76	
87	70	35	
78	89	58	
87	2	39	
43	72	23	
8	96	73	
53	64	51	
39	61	2	
87	28	48	
69	90	83	
90	20	80	
99	71	83	
34	94	32	
44	14	84	
43	55	8	
93	7	6	
29	7	54	
10	84	49	
90	31	29	
42	76	74	
20	70	14	
93	8	29	
20	51	25	
84	68	95	
55	32	98	
85	47	90	
11	60	57	
1	36	22	
24	57	23	
69	83	45	
69	58	17	
88	23	10	
60	91	43	
17	92	99	
7	39	74	
66	21	33	
60	53	78	
56	99	61	
77	95	44	
47	45	46	
65	11	31	
68	83	4	
81	81	93	
59	99	17	
53	13	73	
98	95	50	
43	96	44	
36	33	16	
52	49	86	
94	51	74	
43	8	42	
94	58	93	
30	19	49	
7	63	23	
18	70	67	
94	45	61	
34	64	52	
74	38	31	
23	85	84	
52	71	29	
69	27	62	
85	20	44	
22	4	52	
88	51	16	
58	21	63	
52	42	67	
59	11	15	
61	36	85	
54	52	33	
51	71	62	
21	56	94	
54	1	87	
21	75	23	
50	79	28	
54	44	34	
80	90	68	
22	44	48	
62	21	91	
51	72	32	
13	19	18	
40	67	82	
66	95	46	
17	27	42	
46	93	41	
26	51	51	
91	94	77	
35	97	88	
53	36	25	
58	12	13	
20	21	98	
64	81	37	
72	92	31	
31	8	86	
90	58	54	
8	56	29	
44	61	88	
16	74	14	
63	23	65	
54	32	16	
99	46	27	
96	64	60	
14	20	47	
61	80	30	
27	15	70	
11	73	8	
8	29	21	
41	33	62	
53	83	95	
19	49	63	
38	27	96	
18	13	41	
31	72	76	
94	14	55	
24	68	89	
60	4	87	
73	33	100	
37	95	6	
69	96	24	
6	1	97	
9	70	41	
81	79	93	
96	25	7	
56	10	70	
83	80	8	
78	63	58	
15	23	72	
99	41	41	
77	57	11	
92	45	11	
31	36	40	
84	27	24	
36	35	71	
43	55	27	
62	10	56	
78	31	35	
72	41	21	
18	76	6	
37	26	1	
33	53	20	
11	78	28	
40	87	52	
17	86	83	
17	67	43	
48	65	62	
48	73	51	
25	88	58	
88	41	14	
44	27	19	
38	19	7	
5	5	55	
19	29	34	
5	7	11	
24	85	65	
94	81	42	
43	11	45	
96	73	55	
19	82	48	
11	77	96	
84	17	48	
81	54	44	
51	63	2	
80	52	35	
53	21	5	
53	4	12	
6	20	25	
61	85	90	
10	92	46	
91	88	54	
64	53	6	
31	97	61	
35	74	30	
56	55	60	
84	73	77	
55	92	71	
94	56	5	
39	78	93	
75	100	40	
32	40	39	
96	79	67	
1	61	13	
38	60	18	
99	1	95	
22	30	62	
54	75	37	
28	91	64	
78	62	90	
95	60	72	
81	22	68	
2	47	82	
43	58	58	
94	76	68	
17	98	11	
37	27	47	
29	88	92	
8	39	34	
85	48	35	
10	22	31	
65	85	84	
19	28	58	
14	79	72	
72	55	11	
28	43	5	
39	42	82	
80	99	86	
88	60	52	
29	26	37	
99	6	87	
27	27	55	
63	48	85	
35	90	6	
22	47	59	
64	90	63	
1	59	6	
32	4	82	
44	60	13	
53	46	50	
79	100	78	
51	44	37	
6	2	69	
86	15	33	
18	52	92	
24	1	97	
85	55	100	
61	43	100	
3	45	95	
67	44	81	
70	60	35	
17	43	55	
66	35	33	
45	74	71	
57	74	80	
83	68	95	
90	10	97	
40	35	5	
21	96	54	
66	65	36	
88	85	29	
85	68	24	
96	93	83	
65	3	26	
97	100	63	
35	46	52	
76	16	68	
68	47	1	
94	99	81	
50	94	75	
88	82	25	
44	27	66	
99	69	3	
50	98	85	
65	83	11	
67	45	76	
67	7	92	
43	33	53	
5	54	62	
81	66	40	
3	30	61	
78	3	7	
19	47	51	
4	82	69	
3	93	99	
42	44	90	
34	48	4	
59	69	59	
54	67	41	
72	62	97	
85	80	85	
94	41	79	
26	58	26	
5	30	93	
71	75	14	
42	76	9	
51	88	44	
87	99	37	
83	86	99	
41	62	18	
86	31	9	
11	83	51	
50	57	43	
52	31	82	
62	1	48	
2	44	3	
100	57	29	
5	82	49	
18	81	29	
78	72	11	
35	21	22	
40	15	9	
98	21	78	
41	21	54	
15	54	80	
94	48	41	
96	9	64	
34	95	6	
60	44	49	
50	27	85	
32	1	38	
96	59	72	
50	18	46	
61	47	95	
53	84	45	
55	76	18	
66	25	95	
76	72	40	
67	49	66	
41	58	45	
18	17	45	
55	41	15	
56	43	95	
22	59	49	
91	21	45	
5	50	84	
18	48	24	
13	27	75	
7	91	13	
32	25	98	
59	50	90	
31	69	2	
34	83	21	
16	61	9	
77	15	16	
1	91	46	
26	61	65	
100	57	86	
90	91	2	
50	35	77	
27	54	39	
92	34	99	
44	37	68	
52	63	76	
21	66	3	
14	92	59	
47	95	59	
81	30	82	
28	2	83	
52	44	43	
31	82	37	
26	95	72	
23	9	60	
68	3	80	
56	2	18	
31	18	34	
46	50	87	
71	28	18	
93	91	47	
68	15	17	
1	93	50	
54	79	41	
29	14	80	
57	55	63	
62	53	67	
96	81	10	
74	99	29	
86	49	99	
39	98	22	
61	37	65	
4	31	23	
71	8	18	
53	23	7	
69	66	99	
6	6	43	
43	57	47	
58	93	3	
97	7	92	
8	83	16	
6	81	50	
86	80	33	
38	7	58	
60	8	67	
5	20	62	
16	19	77	
77	97	13	
88	66	40	
14	1	33	
79	79	28	
90	36	50	
45	37	50	
18	67	1	
56	91	32	
82	10	42	
65	85	79	
40	16	8	
96	75	59	
47	27	94	
63	21	8	
55	86	41	
43	47	23	
42	61	46	
59	49	44	
60	46	18	
84	63	69	
21	58	60	
75	40	84	
97	86	47	
29	22	62	
67	32	73	
53	48	16	
35	71	69	
15	68	26	
74	3	22	
27	26	86	
15	96	75	
22	73	45	
96	57	61	
81	5	35	
64	30	58	
46	88	21	
22	24	98	
97	27	59	
9	64	35	
58	49	35	
5	97	3	
86	87	54	
21	95	52	
31	92	57	
58	55	41	
58	2	58	
9	31	24	
78	14	92	
98	35	96	
23	41	100	
89	81	15	
51	10	84	
100	63	30	
89	88	98	
80	33	14	
9	64	72	
15	4	75	
82	77	66	
22	89	68	
55	18	81	
28	62	18	
82	33	93	
24	49	11	
100	77	42	
12	42	64	
38	77	28	
23	78	82	
24	59	18	
34	94	58	
32	32	73	
70	85	15	
4	99	79	
25	48	38	
97	67	82	
42	12	37	
67	73	30	
2	77	57	
69	25	98	
8	27	51	
55	5	85	
58	26	44	
71	3	77	
98	57	69	
30	15	80	
61	57	33	
33	25	89	
26	39	77	
75	21	57	
50	22	98	
58	60	4	
36	8	2	
74	45	16	
56	57	82	
39	28	21	
71	3	61	
48	10	94	
70	72	68	
72	36	47	
33	21	36	
56	34	34	
8	58	92	
20	100	89	
88	62	25	
9	90	51	
22	63	19	
21	91	76	
69	31	75	
36	97	30	
73	4	23	
26	19	76	
67	3	96	
68	55	66	
76	47	50	
32	99	13	
87	87	11	
22	87	71	
98	60	37	
87	40	10	
20	44	57	
71	97	9	
59	18	45	
45	75	40	
34	86	95	
40	34	47	
9	76	82	
89	27	12	
45	39	19	
96	64	35	
13	100	67	
30	55	100	
61	31	5	
90	1	77	
39	94	21	
80	40	21	
80	9	48	
63	93	17	
98	11	8	
15	85	33	
28	56	46	
23	30	8	
96	49	28	
15	87	52	
51	34	93	
35	8	75	
63	100	69	
29	100	97	
5	5	1	
10	93	30	
73	51	59	
87	56	31	
93	79	28	
93	6	68	
19	68	86	
32	56	74	
91	100	72	
38	40	3	
33	42	42	
31	31	52	
10	73	51	
33	91	83	
9	5	1	
82	86	58	
35	13	64	
91	46	52	
38	96	26	
48	55	36	
70	7	6	
100	80	40	
8	7	3	
98	7	28	
57	38	95	
7	94	5	
63	100	51	
11	70	55	
51	77	100	
21	68	88	
12	48	14	
74	28	84	
66	80	16	
14	58	71	
36	23	57	
58	25	86	
22	68	11	
84	49	18	
21	49	50	
31	97	92	
79	99	36	
87	1	51	
46	29	38	
35	39	41	
2	36	54	
11	67	73	
23	47	15	
16	13	62	
35	41	41	
25	99	62	
54	82	37	
79	22	70	
93	79	77	
49	95	28	
81	4	76	
75	31	76	
71	39	6	
12	9	40	
82	85	99	
97	82	100	
64	19	63	
70	40	13	
38	59	61	
4	65	40	
8	57	99	
62	74	66	
77	17	29	
62	20	19	
47	96	93	
2	51	99	
65	92	28	
85	67	64	
18	97	48	
56	62	68	
45	51	62	
72	64	1	
4	92	61	
2	29	24	
55	46	61	
5	20	44	
77	48	33	
66	80	88	
83	86	12	
51	8	23	
23	79	63	
73	54	17	
63	28	40	
66	46	48	
23	2	45	
75	68	62	
13	96	46	
19	74	31	
38	45	35	
61	82	47	
78	86	53	
51	68	11	
86	74	70	
55	97	78	
89	26	86	
100	96	80	
87	63	48	
49	91	31	
24	65	54	
3	83	96	
16	68	83	
83	98	90	
15	21	31	
17	92	6	
44	26	10	
17	72	98	
11	55	39	
44	94	52	
46	23	99	
58	31	78	
90	52	90	
39	41	8	
65	31	22	
22	5	63	
46	45	15	
30	76	9	
83	15	71	
71	67	94	
59	32	8	
68	31	40	
45	50	40	
56	12	92	
78	56	47	
34	94	38	
4	100	14	
92	62	92	
8	73	88	
29	94	23	
68	24	63	
62	41	82	
93	25	25	
36	75	61	
18	82	57	
54	79	84	
58	59	24	
40	22	3	
92	18	62	
74	20	18	
77	5	60	
2	29	65	
24	16	48	
8	70	87	
77	38	60	
63	22	4	
78	32	11	
70	37	15	
5	94	13	
7	57	47	
89	50	77	
8	78	73	
54	2	31	
72	63	84	
96	47	58	
77	33	61	
29	49	15	
14	37	21	
30	44	39	
57	94	92	
94	20	60	
7	9	24	
11	64	53	
84	97	24	
44	31	12	
1	16	6	
19	33	27	
53	74	42	
7	100	25	
44	56	65	
46	31	37	
55	73	91	
1	64	5	
27	24	100	
33	65	15	
99	69	20	
72	38	88	
3	78	15	
12	25	42	
38	16	99	
36	20	21	
42	97	25	
31	84	17	
18	56	46	
44	50	25	
82	94	38	
100	64	45	
61	85	74	
96	41	24	
26	30	48	
5	44	79	
67	20	100	
11	17	52	
24	17	85	
87	98	80	
29	63	25	
54	91	72	
69	5	78	
74	52	92	
46	18	86	
50	65	22	
1	46	2	
82	38	11	
72	51	87	
62	65	58	
42	38	49	
64	24	68	
66	41	84	
49	81	11	
15	66	10	
67	35	83	
86	76	56	
88	82	20	
23	88	41	
15	95	23	
94	30	18	
71	40	100	
52	59	62	
56	60	73	
31	84	40	
42	37	95	
79	49	10	
27	26	48	
93	89	63	
95	38	6	
18	67	52	
58	63	70	
39	79	25	
27	61	77	
33	100	4	
17	70	1	
91	53	57	
95	70	79	
3	92	100	
14	66	3	
7	86	61	
36	19	26	
87	84	72	
53	59	16	
30	82	55	
27	11	54	
43	61	92	
25	46	98	
26	16	62	
8	36	37	
65	38	37	
44	44	85	
95	71	37	
53	11	34	
93	34	45	
97	67	58	
37	47	1	
48	4	15	
72	85	37	
90	84	46	
47	81	79	
17	83	92	
54	99	76	
4	34	73	
75	14	100	
54	78	10	
76	4	37	
39	81	77	
67	96	61	
18	3	61	
81	35	34	
80	28	35	
42	90	57	
80	34	2	
32	79	69	
72	92	42	
89	8	30	
94	12	88	
71	8	29	
52	21	63	
93	28	13	
68	54	66	
4	74	38	
18	35	90	
61	12	37	
16	44	70	
17	60	46	
55	82	67	
85	32	42	
73	10	38	
46	68	75	
93	92	12	
61	95	100	
31	2	12	
1	11	69	
35	88	71	
65	27	3	
67	49	80	
3	12	73	
13	72	72	
82	18	46	
10	96	22	
61	15	17	
64	15	66	
18	48	83	
97	2	38	
14	77	3	
50	41	43	
74	14	1	
65	43	73	
63	45	30	
28	68	77	
52	16	50	
73	33	69	
34	62	76	
50	100	3	
41	21	1	
10	55	36	
76	40	25	
38	81	2	
8	73	20	
61	8	89	
81	57	76	
40	29	78	
80	52	63	
16	53	29	
82	53	36	
33	72	41	
73	69	64	
18	10	35	
93	58	31	
29	74	83	
53	45	43	
85	100	68	
22	99	40	
47	84	79	
91	15	15	
48	88	85	
87	23	4	
13	12	30	
73	85	43	
78	57	13	
3	43	81	
35	8	54	
31	85	27	
82	71	62	
44	80	42	
50	80	86	
33	49	15	
44	84	80	
18	98	39	
29	47	49	
94	37	9	
9	81	15	
44	43	82	
83	82	41	
3	96	36	
15	97	48	
92	45	48	
86	47	67	
66	46	48	
12	30	70	
15	8	73	
93	89	93	
67	94	37	
49	76	6	
8	55	15	
17	10	47	
93	87	1	
76	95	32	
19	33	17	
55	67	51	
95	57	17	
39	82	64	
19	23	8	
27	77	40	
30	45	45	
20	79	14	
72	34	97	
88	1	91	
99	13	44	
46	27	99	
55	3	50	
33	4	89	
2	20	63	
84	13	26	
75	56	11	
54	33	52	
94	46	62	
61	34	87	
73	34	61	
40	20	25	
85	10	19	
21	80	18	
13	32	25	
63	12	31	
60	16	83	
84	12	80	
83	88	86	
82	18	67	
75	56	61	
33	31	14	
97	35	49	
19	53	67	
63	93	91	
89	70	7	
55	80	75	
20	34	93	
57	26	69	
98	86	41	
90	2	73	
51	80	85	
19	65	15	
44	51	64	
39	55	56	
17	38	7	
94	14	48	
55	40	91	
23	82	69	
62	97	44	
42	3	1	
91	8	47	
87	36	11	
4	92	55	
34	27	34	
24	36	27	
34	44	44	
69	47	88	
29	12	38	
76	84	6	
27	45	46	
89	40	33	
39	98	55	
20	49	64	
62	49	91	
33	26	1	
21	18	63	
4	89	56	
35	87	40	
48	56	63	
59	51	49	
81	6	58	
53	45	10	
43	61	16	
23	40	40	
77	9	50	
98	77	45	
38	94	37	
76	11	42	
41	83	21	
36	50	77	
9	9	80	
18	15	86	
7	58	65	
48	52	59	
21	75	1	
33	66	67	
21	94	44	
98	29	34	
50	18	32	
56	78	10	
34	67	72	
8	18	46	
39	55	26	
27	25	91	
28	28	42	
13	26	46	
25	53	50	
70	91	16	
21	62	53	
23	22	9	
93	90	83	
49	16	42	
11	50	83	
10	83	36	
92	17	92	
45	48	84	
55	93	71	
40	37	3	
4	78	4	
81	40	91	
22	29	50	
69	21	90	
17	59	24	
62	25	17	
30	57	68	
11	77	8	
41	88	58	
81	68	84	
88	95	18	
14	7	98	
83	13	12	
32	65	26	
87	15	51	
62	56	26	
12	99	18	
92	50	5	
90	56	8	
7	24	39	
64	72	41	
4	65	68	
46	90	33	
60	52	41	
95	85	97	
3	57	29	
75	18	85	
33	28	58	
22	66	26	
13	38	43	
37	23	94	
65	71	20	
26	94	76	
65	68	61	
99	78	75	
30	81	39	
61	82	93	
50	58	9	
96	73	68	
4	75	26	
9	47	24	
56	24	35	
70	38	8	
74	2	9	
98	35	7	
22	58	78	
5	18	17	
14	2	42	
83	53	29	
57	32	33	
89	77	9	
87	34	18	
20	6	35	
93	28	55	
87	9	20	
12	94	97	
11	84	41	
37	91	80	
75	67	3	
40	52	69	
57	14	22	
73	49	72	
22	34	24	
77	20	75	
29	13	41	
19	10	62	
75	75	23	
76	15	47	
13	82	82	
39	6	3	
28	26	49	
86	59	86	
97	37	37	
4	6	98	
63	91	80	
85	66	8	
100	30	22	
91	89	31	
93	93	96	
62	65	11	
57	61	31	
92	31	83	
73	52	30	
50	11	55	
7	87	63	
57	56	14	
74	39	26	
52	99	3	
25	100	7	
14	52	73	
51	64	95	
86	55	13	
70	39	23	
27	55	48	
27	99	75	
80	88	81	
29	44	90	
72	96	92	
59	98	24	
91	70	35	
13	18	76	
52	80	14	
24	20	51	
39	29	67	
76	2	71	
5	86	55	
78	46	80	
4	22	52	
10	69	68	
72	49	12	
18	3	47	
35	68	4	
41	26	35	
3	23	39	
79	76	94	
88	48	73	
48	59	97	
22	80	33	
42	31	92	
33	48	49	
1	52	99	
83	70	6	
67	73	54	
25	60	50	
72	99	37	
14	76	50	
29	42	4	
15	49	64	
61	79	1	
92	77	98	
46	49	35	
34	92	95	
34	44	10	
33	57	91	
19	66	91	
26	60	69	
55	89	16	
21	20	96	
15	8	16	
2	80	68	
43	64	14	
89	51	2	
22	98	78	
33	63	86	
28	72	19	
23	16	85	
62	17	82	
8	42	29	
55	21	14	
54	21	27	
19	82	44	
9	24	43	
30	25	1	
32	20	61	
12	66	31	
65	17	92	
63	12	77	
70	38	39	
26	47	76	
12	93	90	
90	89	69	
23	14	99	
96	44	51	
54	12	46	
10	71	88	
47	21	73	
96	49	27	
55	12	40	
18	10	81	
78	65	23	
39	92	17	
20	39	50	
51	39	42	
76	83	69	
80	92	74	
76	27	91	
26	97	58	
71	30	9	
35	19	46	
14	67	71	
48	95	49	
88	30	8	
60	12	64	
37	51	19	
33	98	24	
37	26	12	
49	28	39	
79	88	98	
43	40	58	
100	55	6	
39	58	90	
68	4	86	
36	58	97	
45	89	41	
62	37	65	
26	10	70	
47	55	7	
44	75	49	
89	45	81	
34	33	17	
40	43	62	
90	47	74	
37	7	43	
61	66	4	
74	18	51	
55	56	8	
71	54	17	
49	92	69	
3	90	31	
65	10	52	
5	99	97	
27	44	59	
35	40	34	
97	64	37	
50	69	43	
38	2	43	
89	100	82	
30	40	93	
75	70	86	
63	67	21	
48	13	12	
59	59	20	
60	2	6	
12	25	49	
42	55	3	
1	12	95	
63	82	85	
63	13	17	
68	68	18	
83	40	26	
68	22	80	
55	32	23	
86	13	35	
35	8	52	
21	79	66	
70	6	80	
44	94	90	
1	63	12	
17	12	93	
90	28	71	
18	89	35	
43	38	60	
32	32	48	
35	53	97	
77	100	78	
23	95	34	
90	53	13	
38	28	62	
92	75	9	
42	66	51	
61	60	39	
4	12	69	
14	85	84	
43	4	93	
53	40	20	
2	28	14	
93	79	1	
48	89	97	
92	55	71	
40	34	4	
89	86	98	
93	64	81	
83	31	12	
10	37	34	
95	15	84	
5	47	68	
12	82	13	
22	80	66	
90	97	2	
18	8	88	
20	25	88	
80	33	14	
60	98	27	
58	32	98	
45	35	3	
81	46	36	
72	87	84	
76	22	46	
54	75	18	
3	62	73	
16	30	11	
34	61	97	
72	47	51	
42	100	26	
30	67	66	
44	48	35	
94	16	73	
19	46	89	
65	35	16	
34	38	90	
24	90	54	
46	98	83	
46	89	70	
64	74	38	
80	62	58	
71	42	15	
40	2	29	
66	20	96	
69	3	41	
70	74	76	
10	92	8	
63	14	93	
26	10	72	
48	27	21	
52	48	17	
58	55	11	
35	6	74	
29	6	45	
14	5	49	
100	14	42	
51	20	6	
67	27	58	
65	93	6	
6	35	29	
99	89	46	
86	40	83	
43	26	60	
75	79	97	
19	30	43	
36	22	74	
61	47	92	
31	82	44	
79	41	18	
96	83	81	
95	61	30	
34	3	24	
76	13	32	
82	38	93	
97	77	50	
32	91	35	
53	91	89	
49	21	68	
34	91	78	
11	90	78	
29	72	8	
84	25	4	
91	24	50	
91	79	97	
55	51	44	
25	15	92	
78	50	64	
9	87	9	
21	36	10	
64	83	67	
88	53	87	
14	22	22	
90	61	39	
80	94	77	
12	52	32	
3	30	33	
15	33	96	
79	69	26	
54	98	93	
14	53	74	
70	91	1	
35	82	31	
61	34	11	
30	90	99	
67	12	3	
87	50	28	
6	49	14	
20	68	36	
75	29	51	
72	45	39	
57	34	11	
42	88	60	
94	24	21	
50	39	71	
93	22	70	
80	52	85	
80	41	41	
54	52	37	
24	3	46	
9	100	24	
16	67	96	
28	79	95	
57	98	38	
45	13	84	
86	40	23	
27	94	36	
79	56	82	
80	9	63	
64	19	22	
21	42	12	
96	1	83	
1	68	12	
80	16	77	
31	63	29	
59	80	12	
17	9	16	
69	13	20	
86	56	16	
14	97	99	
46	64	93	
47	65	92	
11	86	37	
19	82	92	
96	55	74	
61	85	77	
48	66	66	
50	80	49	
30	87	52	
6	17	23	
98	92	55	
36	58	58	
99	95	78	
52	64	18	
13	38	63	
35	59	27	
4	92	62	
42	64	10	
12	2	96	
20	37	5	
75	32	52	
64	58	99	
71	34	24	
94	43	78	
54	33	98	
26	65	50	
67	2	7	
20	64	70	
13	26	51	
26	26	70	
31	80	78	
54	75	7	
10	70	33	
2	19	15	
5	72	46	
84	77	16	
62	36	13	
14	54	69	
20	77	38	
85	45	79	
17	14	20	
90	18	20	
1	29	67	
75	44	64	
84	69	32	
89	69	15	
74	41	62	
92	37	22	
27	95	94	
75	40	11	
22	81	61	
53	57	41	
15	70	36	
37	22	59	
79	15	11	
49	88	90	
66	78	80	
19	97	34	
91	3	1	
38	68	92	
41	33	75	
77	84	33	
26	64	89	
1	51	35	
83	73	32	
20	11	50	
86	86	41	
5	88	32	
43	22	44	
9	14	86	
16	8	50	
50	55	79	
77	67	95	
60	64	92	
74	53	25	
59	65	37	
78	13	13	
63	80	79	
30	59	60	
21	27	75	
82	71	99	
84	72	31	
14	63	34	
71	7	95	
44	60	66	
41	49	8	
55	12	79	
61	21	82	
24	90	10	
8	76	19	
84	62	34	
68	53	67	
1	15	76	
48	47	89	
91	3	41	
80	94	96	
62	79	30	
27	42	98	
59	62	76	
96	92	51	
31	91	28	
77	10	7	
34	12	55	
47	2	79	
9	57	3	
10	63	29	
42	65	41	
78	89	32	
47	5	46	
53	65	79	
31	28	61	
45	6	46	
37	66	33	
1	68	58	
63	47	56	
39	43	98	
54	6	7	
61	93	55	
94	22	22	
45	50	72	
30	33	16	
39	62	61	
6	58	91	
43	75	61	
62	32	44	
49	39	99	
27	2	6	
75	51	20	
51	72	19	
49	67	14	
8	42	73	
11	51	89	
31	100	20	
56	66	44	
52	45	68	
26	27	53	
83	52	90	
82	64	77	
21	61	47	
59	77	74	
95	17	94	
29	26	13	
92	17	18	
70	29	10	
19	58	32	
7	37	15	
66	91	51	
12	17	95	
94	63	42	
41	24	13	
67	67	56	
18	90	54	
46	11	30	
87	100	46	
52	85	56	
97	51	81	
15	44	88	
6	20	49	
28	87	17	
65	11	28	
42	94	31	
90	71	63	
100	40	100	
81	90	63	
38	20	45	
77	13	77	
48	13	9	
12	86	39	
65	92	38	
76	42	64	
69	85	10	
86	35	62	
48	59	98	
77	61	66	
4	89	78	
37	61	13	
41	6	8	
97	14	3	
90	9	31	
22	65	13	
99	64	36	
1	64	29	
24	87	75	
99	54	42	
25	100	4	
1	9	4	
99	13	37	
64	59	64	
40	2	82	
37	81	77	
63	86	57	
95	10	32	
19	98	42	
53	65	93	
23	14	79	
6	58	64	
4	65	27	
7	21	54	
37	71	86	
12	38	59	
84	98	9	
95	73	92	
29	65	67	
71	8	72	
88	53	10	
58	20	67	
9	61	5	
73	29	77	
15	22	93	
88	64	6	
96	38	15	
25	55	76	
61	100	12	
17	13	38	
48	21	93	
81	2	14	
51	57	14	
27	26	75	
94	40	78	
15	12	5	
37	19	90	
16	51	90	
52	41	67	
29	95	48	
81	77	36	
10	61	24	
31	73	80	
2	25	49	
21	76	65	
67	72	52	
94	16	51	
39	27	62	
39	24	66	
23	5	71	
3	57	26	
58	73	5	
10	3	5	
88	5	51	
86	8	20	
31	30	99	
37	38	31	
35	13	87	
80	11	100	
29	31	81	
41	40	23	
41	21	46	
78	25	77	
40	60	15	
51	80	65	
97	45	21	
89	28	22	
81	55	29	
31	74	99	
37	6	39	
96	11	9	
99	3	96	
33	70	37	
90	55	91	
29	74	33	
97	93	56	
90	93	95	
38	3	62	
21	94	97	
33	22	40	
32	56	92	
25	91	81	
59	73	83	
4	88	56	
46	18	47	
56	80	90	
59	62	73	
31	23	68	
47	99	70	
46	83	3	
97	66	58	
82	69	23	
66	68	56	
21	94	81	
8	88	76	
56	11	1	
39	71	35	
82	8	76	
30	18	38	
25	30	42	
77	36	10	
1	37	15	
21	41	49	
60	41	3	
79	81	89	
24	88	22	
27	67	75	
4	80	36	
98	23	62	
94	45	55	
37	89	23	
81	43	97	
85	97	65	
44	2	39	
18	28	1	
79	10	34	
21	98	25	
56	11	4	
24	52	98	
100	41	78	
36	7	98	
54	25	5	
59	8	13	
25	33	91	
52	56	52	
72	45	61	
53	65	45	
100	85	4	
21	49	53	
74	2	48	
74	50	90	
76	79	47	
84	21	71	
80	98	59	
72	37	2	
64	73	59	
95	98	8	
65	10	63	
49	69	93	
9	100	51	
41	15	26	
44	16	61	
82	75	46	
48	61	45	
3	3	76	
24	26	17	
28	20	18	
89	80	22	
6	79	51	
77	68	58	
93	89	19	
99	16	78	
9	88	35	
27	60	6	
71	89	61	
25	95	60	
95	95	94	
40	34	12	
33	24	56	
25	18	80	
30	42	83	
42	92	78	
28	84	70	
79	44	89	
22	24	20	
26	67	52	
2	99	81	
45	81	54	
8	45	38	
60	87	72	
91	59	26	
22	96	97	
3	16	14	
76	6	99	
47	31	80	
10	33	12	
6	6	77	
14	56	63	
20	51	92	
41	44	16	
13	16	72	
86	8	90	
6	58	54	
60	22	96	
90	57	18	
35	91	42	
73	4	17	
65	95	94	
12	18	39	
7	49	28	
23	18	25	
94	87	93	
25	2	50	
81	72	70	
1	44	77	
59	82	31	
69	78	80	
58	25	55	
37	58	69	
33	50	94	
55	10	79	
97	15	34	
87	7	41	
74	95	94	
77	39	75	
70	40	74	
98	70	11	
74	90	70	
13	86	7	
98	71	60	
94	19	4	
99	24	9	
35	6	93	
17	31	14	
99	26	41	
46	66	16	
98	66	37	
80	90	81	
28	67	14	
55	69	6	
54	100	6	
71	81	35	
85	90	49	
48	92	15	
28	54	32	
20	48	88	
32	22	96	
34	50	98	
24	43	45	
30	52	91	
27	18	2	
76	59	65	
84	98	7	
53	81	36	
88	40	39	
69	87	52	
42	8	76	
13	26	88	
34	10	91	
25	93	79	
38	28	48	
74	95	57	
43	86	29	
3	6	64	
83	89	29	
29	49	5	
8	89	23	
46	2	17	
7	35	69	
54	89	2	
72	73	8	
19	25	79	
25	58	48	
34	35	52	
58	33	15	
63	12	57	
9	80	38	
62	92	47	
39	26	51	
10	71	65	
64	19	79	
85	99	12	
10	20	56	
28	29	8	
51	40	35	
15	45	19	
96	9	72	
3	59	40	
39	70	89	
35	51	19	
55	75	14	
3	17	90	
95	30	55	
1	4	38	
11	9	73	
30	84	22	
9	16	1	
41	77	23	
33	64	77	
72	63	81	
79	20	14	
20	25	14	
15	69	91	
79	32	86	
77	60	41	
77	35	59	
62	70	35	
91	75	45	
13	74	93	
71	18	92	
34	64	26	
66	72	88	
79	97	15	
98	68	22	
32	39	8	
15	75	31	
52	19	89	
8	31	63	
31	32	35	
73	98	100	
50	42	88	
43	57	37	
85	43	90	
99	3	77	
21	2	28	
32	11	30	
17	56	26	
50	69	98	
37	16	56	
55	68	52	
6	67	10	
83	76	39	
83	85	16	
70	77	72	
18	1	78	
96	92	22	
91	93	72	
4	21	96	
97	86	97	
59	42	57	
56	43	79	
72	92	23	
66	63	25	
74	39	100	
35	61	49	
87	97	93	
20	59	57	
5	27	66	
42	69	54	
42	87	79	
46	55	98	
1	78	55	
17	56	70	
76	34	68	
76	13	26	
46	62	78	
39	55	3	
81	95	82	
42	79	73	
93	56	24	
68	48	55	
93	86	36	
99	4	82	
96	81	54	
83	31	12	
73	49	10	
71	3	87	
27	2	99	
6	38	1	
99	29	36	
83	96	78	
87	49	95	
29	63	17	
100	17	35	
22	69	63	
59	10	40	
32	13	44	
18	63	1	
53	53	95	
4	37	93	
70	86	79	
72	34	36	
60	68	67	
73	90	10	
28	92	38	
20	3	91	
28	98	6	
7	63	54	
59	37	28	
20	64	45	
73	82	89	
6	7	13	
44	14	21	
84	79	88	
88	37	1	
39	91	99	
62	37	36	
20	61	69	
78	44	88	
51	90	82	
27	19	13	
70	70	90	
80	100	33	
65	75	85	
42	6	96	
7	21	77	
67	92	65	
87	19	16	
60	19	28	
56	37	95	
57	53	66	
14	82	28	
64	44	74	
64	39	13	
66	17	71	
56	10	96	
33	81	82	
65	72	54	
93	48	99	
80	54	9	
3	8	19	
63	63	20	
39	37	28	
17	37	37	
64	20	47	
9	55	74	
25	18	44	
3	86	43	
66	75	70	
71	34	28	
6	93	54	
72	73	6	
20	32	44	
13	53	13	
84	15	54	
47	9	16	
85	100	30	
54	65	72	
81	69	79	
4	89	21	
89	31	58	
9	57	61	
27	97	59	
15	21	99	
40	48	52	
34	71	24	
36	63	82	
98	66	17	
30	27	82	
4	16	18	
99	51	36	
46	98	96	
24	69	48	
72	6	3	
35	96	48	
34	77	14	
9	70	28	
34	1	40	
98	82	9	
49	33	64	
37	73	48	
19	59	81	
56	44	36	
26	5	24	
59	56	97	
87	86	19	
43	24	90	
14	50	92	
99	58	33	
93	68	41	
91	40	73	
92	80	47	
34	67	10	
5	45	85	
82	23	89	
100	75	86	
37	47	98	
95	56	35	
49	78	19	
27	97	34	
34	96	39	
65	100	85	
34	42	97	
68	91	57	
62	10	47	
7	68	50	
26	2	30	
18	25	14	
53	25	45	
36	98	9	
96	29	87	
97	17	99	
16	43	55	
75	36	89	
56	30	28	
21	100	83	
39	19	89	
82	25	87	
65	31	92	
1	99	25	
35	14	100	
7	14	56	
58	25	54	
93	67	61	
47	53	51	
24	98	98	
56	27	20	
1	52	84	
53	92	74	
70	64	74	
90	6	79	
40	45	42	
61	78	24	
12	5	65	
78	21	43	
48	70	16	
25	37	68	
55	78	88	
23	61	42	
27	72	69	
87	13	82	
26	82	69	
33	12	55	
22	89	76	
78	81	76	
88	58	99	
28	66	60	
30	96	95	
93	67	79	
88	69	14	
94	77	32	
29	91	47	
31	58	18	
32	48	97	
37	68	80	
35	48	71	
9	29	38	
50	92	20	
4	68	69	
6	23	91	
2	35	26	
15	18	39	
2	51	31	
67	57	54	
52	78	46	
69	60	81	
91	56	8	
31	63	63	
56	57	91	
80	98	2	
59	23	84	
83	98	10	
7	69	26	
34	9	80	
14	98	55	
33	6	91	
93	64	33	
81	68	52	
95	94	33	
67	75	25	
88	90	84	
99	39	82	
59	34	78	
70	63	70	
53	85	45	
84	1	11	
4	45	25	
12	66	1	
79	1	38	
47	22	60	
50	90	3	
98	88	13	
89	4	96	
63	51	24	
53	8	40	
86	57	65	
50	75	85	
28	88	13	
82	53	10	
69	61	61	
44	78	40	
75	95	15	
94	66	75	
21	59	57	
86	79	29	
7	6	14	
43	48	42	
25	11	4	
19	18	4	
27	98	16	
39	29	83	
14	35	73	
16	68	71	
97	95	4	
14	92	47	
11	18	97	
66	83	91	
20	9	6	
72	68	1	
61	5	4	
41	79	28	
86	82	72	
65	94	18	
46	61	55	
1	87	54	
69	14	57	
33	63	13	
36	77	15	
27	86	56	
97	79	73	
93	13	49	
81	28	74	
13	44	68	
76	29	84	
87	24	4	
5	43	27	
87	48	24	
77	82	96	
13	73	4	
92	5	95	
17	45	83	
81	88	90	
76	66	81	
46	38	73	
13	15	41	
91	53	85	
60	34	74	
93	65	90	
26	100	38	
8	92	8	
53	17	38	
3	65	48	
32	51	27	
13	82	58	
15	75	22	
6	87	77	
56	57	42	
30	19	19	
35	27	56	
41	85	9	
67	87	39	
80	43	65	
69	10	19	
72	66	9	
91	15	61	
77	16	9	
78	10	27	
71	1	51	
22	75	67	
35	77	33	
58	49	62	
64	40	19	
3	68	8	
11	47	47	
63	71	24	
75	74	55	
32	89	37	
89	37	84	
61	41	51	
60	63	47	
41	1	1	
75	55	87	
54	19	2	
36	58	24	
91	31	44	
98	83	8	
95	62	24	
25	60	63	
32	64	70	
17	78	54	
37	43	19	
89	25	15	
87	57	31	
44	50	2	
50	91	90	
37	28	24	
69	44	88	
12	37	33	
76	48	100	
91	15	61	
75	98	85	
7	7	25	
80	61	46	
77	67	94	
68	75	26	
86	82	39	
12	70	53	
69	77	99	
79	50	88	
47	70	49	
78	55	91	
75	1	22	
10	80	36	
13	73	60	
88	52	35	
18	36	88	
46	73	62	
91	40	36	
1	58	99	
72	100	77	
46	46	33	
62	100	10	
67	28	96	
72	41	7	
74	97	8	
27	84	26	
69	53	21	
49	92	53	
1	34	81	
29	23	26	
5	74	27	
30	96	42	
31	6	42	
27	64	60	
25	60	95	
48	62	70	
94	87	96	
49	17	50	
70	17	97	
97	45	52	
13	96	89	
29	17	48	
61	8	88	
95	7	5	
26	39	90	
71	54	18	
19	82	31	
20	71	24	
93	77	90	
62	67	6	
17	51	55	
2	90	91	
66	82	26	
70	100	94	
97	47	67	
22	14	27	
4	70	29	
63	35	51	
96	7	1	
20	30	97	
21	4	77	
86	87	13	
56	40	3	
86	32	82	
77	6	80	
72	11	30	
55	94	74	
81	90	41	
67	34	72	
17	37	3	
81	22	27	
9	68	58	
59	33	65	
3	46	46	
67	2	36	
80	4	61	
57	9	93	
4	66	14	
1	47	78	
35	31	81	
29	72	8	
76	26	52	
87	30	21	
48	67	29	
63	96	47	
80	90	87	
53	46	94	
56	46	51	
74	2	87	
65	21	60	
48	97	89	
30	77	36	
13	92	10	
50	95	57	
1	38	1	
9	8	99	
45	19	40	
6	61	87	
52	12	37	
88	55	85	
56	90	49	
1	17	66	
66	2	73	
35	65	90	
91	29	56	
49	13	81	
17	80	23	
37	12	18	
47	38	84	
96	46	84	
73	69	6	
53	68	83	
97	58	15	
29	26	99	
75	86	39	
66	66	87	
18	56	19	
61	34	24	
86	54	95	
33	46	94	
35	75	97	
82	75	69	
70	24	49	
98	58	98	
7	49	21	
42	17	60	
65	55	5	
42	70	40	
84	33	96	
61	78	20	
26	78	83	
96	96	39	
88	26	35	
53	41	21	
41	41	81	
46	47	91	
56	54	5	
91	50	47	
73	71	71	
59	76	56	
87	82	43	
100	37	75	
81	49	9	
59	34	37	
89	11	75	
93	39	64	
97	12	28	
40	44	76	
51	30	66	
96	65	46	
2	15	99	
5	6	20	
19	13	96	
88	29	54	
28	12	21	
24	65	51	
5	76	55	
12	68	70	
48	61	19	
77	23	14	
93	63	60	
89	98	35	
63	7	28	
50	1	23	
81	14	49	
54	33	70	
97	71	9	
86	48	69	
38	49	8	
64	80	10	
37	49	94	
58	44	55	
67	90	2	
7	40	68	
17	3	24	
14	73	31	
53	66	25	
100	96	13	
25	15	49	
41	29	38	
46	39	71	
50	82	13	
61	85	10	
92	54	34	
62	82	67	
60	11	75	
12	27	58	
58	28	71	
5	7	26	
100	49	1	
69	78	30	
14	67	75	
32	46	80	
10	20	26	
1	35	8	
61	83	21	
17	14	93	
95	34	57	
23	72	97	
31	27	5	
66	89	66	
90	92	52	
39	46	64	
73	19	51	
85	20	65	
22	1	35	
94	83	51	
77	21	38	
98	84	77	
14	39	100	
99	19	100	
98	11	31	
35	50	64	
89	61	21	
100	100	96	
82	79	79	
45	95	91	
54	28	41	
68	64	62	
50	2	50	
41	84	32	
57	47	95	
53	40	8	
98	18	34	
93	90	78	
60	78	20	
26	86	52	
62	82	93	
93	90	94	
77	63	36	
42	80	95	
93	100	15	
39	60	51	
79	34	77	
61	33	99	
41	78	28	
94	26	52	
68	74	11	
56	81	78	
28	6	85	
23	92	18	
39	86	8	
80	9	4	
30	13	49	
89	86	100	
28	35	57	
91	59	60	
27	11	16	
63	19	39	
37	26	55	
38	48	40	
69	93	4	
77	29	79	
91	6	64	
87	45	43	
27	12	12	
57	26	33	
59	70	17	
80	25	87	
45	81	59	
45	26	76	
39	92	88	
91	74	37	
21	31	9	
73	43	22	
60	65	51	
57	30	29	
85	48	41	
9	87	47	
57	94	53	
2	61	32	
43	97	44	
40	4	24	
38	86	69	
14	36	69	
86	89	46	
86	73	27	
60	39	98	
5	60	68	
8	83	72	
60	28	88	
39	23	96	
4	33	37	
14	89	20	
75	100	97	
3	66	34	
32	10	79	
99	97	40	
35	3	99	
62	72	41	
86	80	50	
1	57	90	
57	71	95	
65	25	8	
1	16	45	
41	51	38	
92	18	67	
81	39	63	
25	49	21	
59	42	76	
92	14	86	
30	98	37	
48	46	38	
98	88	8	
2	9	21	
73	75	60	
66	81	23	
42	15	51	
92	83	77	
44	29	43	
2	37	14	
76	100	39	
13	91	97	
59	83	94	
12	10	27	
90	51	32	
41	96	88	
76	44	39	
83	36	38	
21	66	27	
23	65	100	
87	22	97	
96	22	63	
64	37	20	
92	20	59	
64	35	18	
85	20	24	
51	58	7	
1	4	76	
27	90	70	
23	75	23	
16	31	3	
57	30	33	
23	1	18	
27	70	32	
30	60	36	
48	2	26	
94	36	43	
80	19	83	
49	8	92	
43	94	18	
65	22	37	
59	56	42	
42	28	34	
1	24	55	
80	8	33	
73	40	93	
61	43	66	
28	62	34	
46	98	27	
57	29	22	
89	69	48	
90	31	89	
20	18	71	
5	23	80	
79	30	91	
3	33	68	
19	13	3	
74	80	81	
86	11	30	
55	82	94	
64	31	91	
5	52	32	
47	48	72	
1	36	60	
86	11	77	
95	79	86	
45	10	21	
46	89	89	
23	26	96	
16	98	64	
17	28	1	
25	27	58	
37	4	36	
52	15	10	
84	53	76	
96	62	10	
4	52	51	
82	34	83	
94	24	48	
96	20	69	
2	43	96	
14	81	80	
51	15	75	
7	50	29	
2	54	9	
75	92	20	
49	35	49	
82	98	70	
83	4	91	
1	10	43	
50	30	14	
62	59	28	
64	38	57	
2	35	83	
62	44	13	
100	65	3	
1	12	10	
75	7	19	
65	44	98	
89	51	34	
30	13	2	
87	35	86	
63	58	46	
36	3	69	
95	41	15	
52	83	92	
34	1	77	
38	18	49	
33	36	69	
9	29	57	
18	82	20	
25	8	95	
8	84	44	
12	42	48	
51	61	9	
70	50	65	
50	52	30	
85	12	12	
44	9	4	
13	75	57	
19	26	89	
54	23	89	
75	47	36	
71	4	95	
45	22	14	
45	96	48	
66	64	39	
81	6	22	
36	68	24	
8	48	81	
57	67	16	
15	15	88	
88	9	53	
91	81	98	
70	82	15	
85	29	23	
32	93	60	
96	29	53	
94	42	82	
68	39	80	
80	68	60	
81	12	4	
65	34	91	
10	56	7	
82	11	79	
98	79	74	
22	33	81	
35	90	37	
90	96	54	
43	11	23	
33	63	49	
87	16	13	
3	29	74	
100	91	96	
90	74	79	
96	29	58	
26	48	62	
60	60	12	
23	35	10	
22	54	2	
90	20	24	
85	55	18	
1	84	34	
62	74	84	
41	86	89	
13	45	15	
12	30	52	
44	57	28	
3	54	56	
7	55	41	
5	78	27	
61	54	40	
62	52	55	
53	63	55	
34	64	89	
85	14	72	
34	7	51	
18	4	62	
82	37	48	
19	31	88	
95	24	37	
73	46	13	
47	34	93	
66	50	58	
16	8	22	
43	58	84	
5	7	24	
95	98	42	
23	92	51	
54	90	5	
52	70	30	
9	65	41	
7	39	94	
79	24	19	
1	9	4	
94	20	50	
93	75	26	
78	86	13	
53	63	92	
81	71	36	
49	6	62	
86	82	44	
60	43	71	
49	31	21	
85	75	38	
95	27	55	
42	63	86	
84	1	20	
96	60	57	
88	72	19	
89	3	41	
13	21	51	
25	26	7	
7	16	62	
95	10	42	
40	71	44	
1	40	8	
68	44	28	
22	6	14	
52	66	78	
51	30	35	
51	42	37	
90	89	39	
83	59	88	
100	58	21	
81	23	83	
18	84	27	
69	53	12	
52	58	85	
44	76	49	
75	39	33	
91	83	63	
33	52	20	
72	5	94	
34	27	10	
65	14	74	
14	75	65	
18	99	46	
93	36	90	
87	25	70	
31	59	52	
61	69	82	
22	21	80	
85	87	33	
71	55	17	
57	74	71	
73	34	61	
6	93	51	
51	100	53	
79	25	34	
64	12	97	
90	10	36	
68	86	4	
87	33	96	
96	99	57	
91	36	15	
52	40	34	
72	48	68	
6	35	66	
89	76	85	
6	68	60	
69	28	25	
16	22	69	
60	81	9	
75	92	70	
58	74	54	
63	4	36	
64	66	28	
68	74	96	
90	60	50	
82	46	100	
4	70	90	
83	74	26	
17	89	51	
85	53	94	
79	62	30	
7	11	26	
95	39	83	
20	98	21	
35	19	75	
69	12	12	
55	85	60	
11	83	6	
32	93	32	
60	51	92	
73	23	72	
7	80	32	
83	92	91	
36	61	69	
43	63	76	
27	76	25	
29	14	23	
51	68	33	
75	13	84	
29	99	65	
26	74	99	
36	63	90	
27	12	73	
31	45	90	
58	8	22	
73	61	88	
75	57	19	
70	10	34	
85	9	36	
45	84	76	
43	25	37	
50	93	70	
52	54	56	
84	38	77	
57	47	98	
25	15	88	
5	65	65	
59	40	30	
4	71	11	
63	20	20	
81	56	95	
92	63	58	
15	54	63	
23	69	3	
93	92	38	
47	21	77	
11	32	4	
52	73	9	
86	6	22	
2	69	23	
68	52	55	
41	67	30	
25	28	31	
7	44	82	
52	2	71	
10	81	60	
51	7	25	
20	31	39	
45	38	63	
93	7	11	
27	65	12	
72	18	46	
92	98	38	
94	3	93	
55	42	8	
45	19	40	
59	43	92	
72	61	85	
74	55	71	
46	41	47	
56	29	86	
28	15	12	
10	95	73	
44	8	86	
92	64	60	
35	62	92	
42	3	37	
21	80	11	
31	30	28	
97	96	42	
30	45	75	
1	66	38	
54	52	63	
61	10	82	
47	65	38	
81	31	46	
56	66	23	
17	50	29	
20	96	64	
85	22	59	
52	100	40	
38	82	70	
50	61	21	
13	22	27	
83	78	60	
99	93	82	
73	95	92	
36	7	39	
37	39	30	
32	91	47	
15	66	26	
10	62	95	
80	45	35	
11	88	17	
69	74	61	
36	74	28	
100	57	12	
97	62	85	
66	24	77	
3	23	14	
8	47	71	
14	15	94	
23	51	78	
62	32	18	
35	62	61	
80	2	26	
38	4	56	
29	37	48	
92	62	3	
10	87	9	
40	7	72	
15	8	47	
4	6	81	
14	42	85	
74	83	41	
95	27	16	
69	22	84	
43	29	50	
84	32	72	
11	58	20	
43	25	23	
18	14	20	
99	48	30	
53	23	13	
74	13	32	
30	40	96	
53	28	39	
28	99	93	
59	36	37	
78	33	32	
100	37	80	
96	37	99	
90	69	43	
83	20	48	
21	79	30	
10	79	67	
74	73	65	
36	10	14	
8	6	66	
31	1	26	
28	64	13	
95	72	29	
83	95	64	
15	46	23	
33	97	34	
33	28	6	
14	98	35	
18	25	16	
49	90	10	
85	37	12	
82	75	4	
67	68	84	
25	79	11	
10	5	70	
96	99	92	
45	64	46	
38	3	94	
59	53	71	
22	33	64	
44	97	88	
25	1	33	
25	17	27	
62	46	56	
40	87	78	
72	50	50	
85	6	73	
10	6	43	
14	11	34	
94	81	97	
75	96	65	
6	1	70	
40	71	80	
63	22	54	
55	45	60	
77	1	77	
10	35	39	
51	56	80	
26	12	70	
28	63	75	
99	33	33	
68	73	5	
61	84	84	
42	93	30	
5	49	64	
7	25	67	
43	76	7	
52	98	10	
46	50	73	
23	24	29	
17	8	5	
9	79	12	
100	77	12	
14	61	72	
80	15	83	
70	73	47	
28	40	31	
38	12	65	
70	25	51	
28	28	62	
8	59	78	
69	63	11	
41	44	17	
63	54	66	
87	59	20	
37	57	70	
54	33	38	
19	73	86	
98	53	79	
34	23	14	
38	9	21	
30	72	25	
25	29	32	
33	53	90	
27	50	62	
9	81	37	
59	96	19	
49	58	14	
90	29	25	
96	9	46	
91	24	11	
54	20	21	
56	82	95	
61	60	42	
36	71	91	
46	63	92	
32	82	8	
33	83	19	
88	83	41	
5	96	32	
100	44	41	
98	56	63	
49	56	90	
78	50	10	
60	87	53	
6	26	44	
21	66	72	
71	13	100	
76	62	84	
28	74	32	
80	78	96	
18	19	28	
52	51	3	
100	11	17	
81	99	52	
73	37	58	
96	82	44	
65	89	27	
30	78	29	
67	10	48	
90	45	29	
88	92	22	
68	70	84	
75	63	97	
33	85	71	
10	12	59	
87	79	24	
81	24	95	
72	39	82	
54	37	98	
31	19	97	
1	78	82	
90	37	68	
28	27	25	
85	34	40	
48	14	34	
34	89	92	
54	88	81	
41	55	12	
13	22	65	
49	15	13	
1	93	83	
36	87	84	
83	47	67	
34	83	16	
36	90	56	
2	95	35	
43	52	94	
18	46	91	
5	22	52	
74	39	42	
82	14	97	
65	11	63	
16	28	88	
70	97	43	
32	33	34	
26	66	9	
9	73	94	
59	68	16	
100	39	68	
53	97	53	
15	58	90	
73	57	66	
93	34	64	
24	75	43	
3	49	45	
88	29	96	
69	60	24	
47	85	60	
100	40	18	
63	34	13	
2	64	29	
90	20	90	
80	94	2	
34	32	89	
41	80	65	
1	97	32	
12	75	36	
68	55	54	
80	32	85	
87	49	81	
82	7	25	
86	71	34	
56	57	98	
45	32	51	
59	43	98	
100	52	46	
32	46	92	
9	62	80	
72	89	19	
54	8	69	
93	44	16	
95	93	29	
30	66	54	
38	79	1	
26	44	58	
30	74	35	
42	61	50	
5	29	40	
60	76	66	
44	39	79	
24	14	13	
84	12	47	
43	34	16	
46	53	90	
3	20	97	
62	41	10	
16	9	20	
44	84	99	
6	65	66	
28	97	16	
27	51	58	
66	3	29	
85	73	66	
44	81	25	
98	28	50	
82	51	85	
43	27	50	
39	11	18	
57	69	43	
88	55	36	
25	37	12	
77	53	20	
29	44	21	
69	54	9	
64	97	1	
47	24	50	
79	8	8	
9	46	7	
9	96	25	
30	65	81	
81	84	83	
29	100	86	
93	2	100	
19	11	6	
47	18	62	
36	10	81	
69	92	81	
68	53	27	
96	87	36	
41	20	84	
84	52	58	
97	5	94	
61	18	76	
23	32	88	
63	96	50	
67	50	88	
77	62	49	
13	6	52	
54	19	98	
9	66	46	
91	32	67	
25	35	78	
84	52	27	
17	4	30	
64	58	77	
28	46	3	
41	55	17	
68	1	45	
92	82	50	
79	75	91	
81	34	77	
26	30	72	
4	67	64	
70	68	18	
77	5	10	
45	21	49	
43	59	90	
70	39	80	
43	46	66	
63	81	33	
90	73	11	
69	19	9	
82	1	84	
52	49	64	
78	97	16	
78	60	41	
91	56	41	
98	86	77	
51	83	88	
18	29	42	
52	47	80	
29	34	96	
43	66	7	
7	72	49	
75	19	72	
4	72	14	
71	74	16	
28	69	17	
1	36	33	
48	84	73	
71	17	47	
46	20	24	
73	74	3	
40	24	84	
1	26	31	
22	14	61	
18	45	58	
17	94	45	
42	100	2	
99	52	27	
63	25	11	
25	97	70	
80	83	51	
4	22	72	
34	74	96	
96	99	94	
89	88	85	
31	27	13	
30	12	100	
31	89	54	
38	92	86	
69	65	86	
51	99	98	
89	90	53	
13	6	88	
98	84	21	
36	14	60	
19	78	32	
36	21	92	
32	4	17	
3	41	85	
7	15	50	
49	51	80	
61	51	17	
65	1	78	
13	95	25	
16	67	35	
42	79	100	
29	84	82	
79	88	54	
21	3	40	
80	89	20	
59	66	4	
24	49	56	
39	38	63	
61	63	79	
94	65	91	
65	18	47	
22	19	37	
51	57	63	
91	1	59	
4	87	82	
56	80	51	
45	93	87	
73	23	26	
53	94	100	
20	73	26	
3	70	99	
70	68	34	
62	95	28	
48	43	99	
13	62	97	
80	17	20	
2	5	82	
45	90	81	
8	79	3	
93	50	19	
18	66	99	
64	81	96	
89	94	67	
54	81	100	
20	45	99	
19	50	80	
59	15	45	
55	81	58	
2	13	37	
72	9	84	
56	50	92	
51	53	79	
100	58	51	
34	50	66	
56	54	11	
26	30	9	
26	51	49	
42	71	3	
15	46	34	
96	36	91	
89	51	18	
36	87	29	
52	81	70	
70	70	99	
5	25	7	
80	59	84	
95	68	82	
28	28	92	
56	87	79	
1	51	78	
51	52	53	
90	83	70	
53	38	54	
59	45	38	
41	96	65	
84	92	74	
12	36	69	
9	26	36	
86	64	86	
25	85	85	
21	56	79	
73	20	37	
63	34	84	
73	14	69	
32	20	4	
21	13	9	
56	26	54	
23	56	95	
33	82	36	
29	30	87	
34	72	56	
57	84	84	
22	84	59	
58	49	20	
7	27	83	
39	99	6	
47	28	71	
38	13	55	
29	46	60	
63	10	8	
17	12	18	
29	79	2	
30	39	28	
91	62	22	
71	31	38	
72	62	98	
71	24	24	
9	45	43	
77	62	31	
14	23	46	
8	37	98	
71	71	68	
98	3	53	
75	48	22	
16	56	91	
24	80	90	
14	75	20	
10	28	18	
30	65	79	
50	15	84	
25	8	45	
92	73	46	
95	34	91	
63	85	35	
16	57	2	
90	81	8	
79	95	49	
93	57	100	
78	30	58	
67	97	37	
60	23	47	
100	43	48	
86	60	90	
66	100	23	
94	50	98	
76	23	7	
48	9	28	
84	25	79	
94	95	75	
11	88	99	
65	90	66	
7	29	19	
48	18	13	
8	23	40	
89	54	100	
7	80	83	
80	64	81	
91	75	92	
5	59	52	
74	70	41	
62	91	50	
32	30	45	
30	69	78	
58	31	32	
50	33	28	
9	62	19	
29	78	96	
23	92	37	
64	73	93	
72	98	25	
60	29	22	
84	100	65	
47	96	19	
53	31	48	
54	35	60	
83	7	63	
14	86	42	
5	11	74	
48	96	63	
33	81	94	
36	64	97	
50	2	57	
100	52	50	
52	96	23	
13	99	48	
49	100	100	
94	53	86	
79	5	69	
2	52	50	
19	7	77	
37	61	99	
40	89	38	
24	4	48	
20	14	93	
88	12	34	
49	56	38	
99	32	43	
70	99	28	
48	24	53	
74	5	59	
2	24	22	
53	90	76	
55	42	9	
43	42	19	
100	56	92	
68	35	8	
10	70	16	
41	100	51	
37	7	69	
15	10	71	
31	15	27	
36	98	41	
62	12	84	
92	50	91	
29	4	23	
96	80	14	
76	49	46	
93	31	69	
1	15	96	
37	30	10	
39	95	26	
8	1	47	
11	95	54	
33	23	80	
57	44	89	
71	63	41	
91	18	85	
67	4	54	
17	23	100	
47	8	82	
42	46	56	
74	50	17	
5	70	24	
78	70	86	
45	41	3	
98	98	72	
25	51	62	
2	49	64	
93	27	97	
48	79	86	
37	73	73	
57	76	37	
92	71	64	
53	49	74	
19	39	38	
16	95	76	
44	75	8	
75	80	75	
54	58	80	
60	88	63	
70	9	59	
7	76	89	
19	39	80	
54	20	16	
18	67	73	
36	14	100	
99	23	83	
60	92	80	
15	88	3	
18	44	43	
33	100	74	
12	14	41	
5	20	54	
96	82	37	
46	26	72	
65	58	38	
48	74	90	
79	24	55	
2	79	40	
58	59	76	
19	57	8	
43	55	94	
25	52	10	
28	72	40	
57	12	30	
8	49	1	
20	100	40	
33	95	8	
58	12	98	
90	26	44	
48	7	81	
78	82	72	
97	79	66	
91	42	27	
22	80	42	
28	84	2	
51	21	47	
2	60	82	
28	62	41	
75	54	7	
67	67	84	
49	32	10	
46	56	11	
56	79	60	
61	71	22	
51	92	73	
71	48	81	
6	86	8	
42	92	59	
92	45	80	
64	17	48	
14	24	80	
81	93	33	
58	14	49	
38	73	95	
6	71	14	
1	34	13	
61	43	76	
61	23	30	
20	73	7	
62	3	64	
97	21	91	
76	85	33	
67	74	87	
70	37	21	
56	4	78	
91	71	22	
92	33	51	
45	23	85	
86	38	33	
75	27	52	
36	57	81	
33	74	36	
35	47	73	
45	53	30	
45	29	9	
45	73	26	
32	30	70	
78	72	64	
84	25	61	
80	96	11	
12	64	15	
87	64	20	
88	100	16	
67	61	35	
82	59	96	
62	78	84	
1	76	100	
83	61	26	
53	58	37	
62	61	77	
77	6	65	
68	32	75	
95	52	36	
36	86	89	
28	15	22	
44	51	28	
77	79	73	
66	52	14	
28	75	97	
61	43	95	
69	96	7	
20	55	62	
27	56	83	
71	75	24	
18	69	75	
78	15	94	
65	87	19	
81	92	16	
50	82	80	
18	70	16	
15	96	93	
54	98	5	
98	73	89	
63	89	6	
25	32	64	
35	76	79	
67	77	71	
99	56	82	
96	40	44	
48	4	87	
26	67	7	
70	22	98	
35	88	66	
49	28	75	
16	80	29	
91	36	100	
28	46	21	
81	76	75	
76	26	76	
17	94	12	
85	46	82	
26	16	100	
6	14	14	
7	63	95	
93	68	1	
78	48	59	
69	94	68	
96	78	93	
1	29	94	
1	48	4	
34	30	94	
7	58	85	
39	98	3	
4	50	24	
72	41	36	
15	51	64	
53	30	64	
43	54	5	
88	17	77	
24	20	12	
16	43	42	
85	36	22	
25	44	66	
5	37	92	
95	29	62	
57	2	87	
26	14	8	
49	1	30	
88	91	77	
43	69	35	
16	22	40	
18	97	33	
82	31	88	
32	87	29	
18	8	67	
36	29	45	
65	77	66	
43	50	9	
64	64	16	
32	28	77	
81	47	18	
82	15	80	
76	24	29	
61	48	68	
80	45	100	
82	35	18	
93	3	11	
100	27	47	
99	88	24	
47	12	100	
34	80	71	
56	16	86	
35	1	29	
24	53	78	
42	96	31	
29	10	86	
26	72	13	
34	46	76	
94	4	70	
7	11	24	
14	38	30	
39	14	31	
28	98	75	
29	50	73	
61	68	17	
56	7	1	
57	69	81	
84	90	79	
48	34	66	
8	88	2	
87	100	88	
86	48	15	
48	70	3	
60	11	17	
23	53	21	
97	76	40	
23	10	35	
51	31	19	
60	28	67	
65	8	91	
61	8	29	
74	17	77	
8	96	90	
1	1	25	
55	17	42	
70	62	47	
66	88	41	
68	58	64	
77	73	35	
74	53	26	
35	75	35	
39	100	54	
52	22	83	
57	91	54	
10	78	27	
96	57	61	
68	55	72	
57	52	82	
6	79	94	
25	39	50	
76	48	10	
90	21	46	
30	88	99	
81	40	55	
83	56	94	
18	52	58	
91	69	90	
57	18	21	
87	80	85	
57	76	73	
23	71	46	
8	64	100	
9	40	37	
64	97	75	
67	50	39	
51	64	77	
72	40	57	
83	89	37	
87	78	20	
95	53	29	
59	72	12	
93	50	37	
42	83	43	
7	10	83	
2	68	24	
73	71	6	
97	71	100	
29	57	46	
76	91	1	
15	94	86	
17	37	52	
25	42	88	
99	55	74	
53	72	89	
84	7	13	
7	16	81	
26	83	69	
68	96	29	
5	36	52	
43	62	20	
33	65	90	
58	71	18	
41	84	59	
30	55	66	
48	63	69	
78	40	76	
6	90	89	
88	79	92	
64	65	48	
55	56	17	
11	66	93	
65	6	11	
91	81	16	
26	61	84	
62	56	26	
58	23	47	
22	47	50	
51	79	98	
5	96	89	
40	67	95	
25	68	43	
55	41	57	
35	66	12	
51	21	33	
16	50	37	
80	34	8	
83	38	87	
13	9	21	
45	74	37	
75	25	15	
5	34	94	
74	44	13	
63	74	8	
52	27	56	
18	44	58	
82	86	45	
17	78	97	
31	7	62	
42	52	59	
18	40	88	
93	97	42	
57	16	77	
24	39	14	
67	66	72	
12	4	48	
21	78	87	
64	49	95	
48	97	10	
10	68	77	
31	55	55	
10	89	33	
7	94	55	
74	43	84	
81	42	28	
80	47	58	
7	74	47	
52	30	64	
9	71	73	
22	36	60	
46	11	59	
28	44	94	
38	94	100	
6	90	17	
58	32	7	
55	90	18	
97	98	33	
42	75	4	
26	1	85	
46	15	66	
40	25	69	
86	100	72	
43	57	41	
30	16	21	
63	65	67	
60	33	61	
41	4	18	
3	10	62	
63	58	4	
87	4	55	
45	83	41	
41	31	44	
41	63	43	
75	27	63	
92	35	74	
17	74	99	
71	96	27	
7	17	82	
5	43	89	
86	59	18	
3	15	50	
81	33	16	
84	65	63	
2	68	4	
33	27	27	
48	26	21	
95	14	74	
89	62	94	
90	50	64	
36	19	32	
75	43	65	
93	36	54	
91	50	86	
71	26	1	
73	36	34	
76	89	81	
76	30	34	
33	1	94	
22	49	7	
96	5	47	
7	88	33	
33	12	94	
73	92	48	
11	4	28	
9	15	96	
86	42	40	
19	89	15	
32	83	76	
31	84	2	
97	38	35	
90	54	44	
6	88	8	
61	65	34	
36	54	60	
15	51	29	
76	43	64	
85	33	57	
61	12	74	
73	2	87	
43	54	64	
28	88	49	
26	31	94	
92	96	35	
55	87	90	
35	19	53	
69	45	26	
63	19	11	
61	37	95	
31	1	98	
61	82	19	
95	84	36	
10	71	75	
10	8	82	
98	20	75	
16	6	2	
69	74	28	
2	94	72	
22	81	90	
6	65	4	
80	61	27	
1	1	40	
29	3	94	
12	53	74	
28	2	1	
85	78	1	
16	47	34	
17	22	68	
30	26	28	
9	55	29	
70	46	59	
65	17	65	
63	46	61	
81	12	60	
51	72	78	
46	29	61	
100	82	11	
94	55	42	
46	87	34	
9	20	29	
19	60	19	
58	48	87	
2	32	74	
52	38	13	
3	71	35	
47	79	9	
51	17	36	
31	20	3	
10	17	81	
50	69	53	
83	36	56	
26	94	23	
80	31	100	
80	63	18	
47	56	35	
57	75	27	
45	68	38	
49	14	56	
95	90	96	
76	18	26	
60	26	65	
46	5	24	
61	2	66	
54	61	72	
76	53	93	
58	57	54	
67	88	81	
93	98	17	
51	56	39	
88	26	64	
85	94	39	
8	58	55	
50	49	56	
19	59	38	
46	12	18	
4	59	30	
89	86	21	
30	83	4	
31	44	67	
65	38	3	
10	87	30	
7	88	70	
73	8	30	
70	45	89	
62	40	19	
28	30	83	
37	25	42	
56	43	66	
80	15	22	
78	65	53	
38	77	86	
12	58	93	
10	18	39	
91	35	34	
50	33	61	
71	67	81	
86	47	59	
10	41	46	
78	78	10	
17	26	37	
94	57	88	
81	48	40	
28	44	35	
66	88	30	
56	81	74	
7	88	9	
12	33	96	
72	13	83	
57	74	78	
40	34	75	
7	79	57	
66	7	64	
18	30	28	
47	43	27	
60	24	81	
92	90	91	
68	97	4	
22	14	77	
64	2	2	
73	75	51	
9	15	70	
25	3	98	
29	48	6	
42	91	38	
43	50	63	
49	18	19	
84	56	41	
14	64	35	
62	98	40	
59	38	35	
48	91	5	
41	42	30	
83	74	76	
62	38	33	
31	63	23	
49	84	9	
75	72	22	
2	10	46	
43	8	95	
55	79	43	
94	8	23	
76	20	12	
7	63	18	
78	97	47	
44	19	59	
100	66	5	
12	72	44	
89	12	43	
31	63	55	
73	92	73	
71	18	97	
12	38	51	
80	84	65	
56	91	29	
44	58	34	
38	16	98	
76	86	15	
51	89	50	
24	89	77	
10	98	71	
55	44	71	
88	57	27	
21	82	23	
93	77	28	
95	25	13	
19	23	85	
63	20	22	
55	69	80	
74	30	40	
72	24	4	
65	56	91	
91	15	20	
22	81	54	
15	35	40	
6	48	21	
5	15	86	
51	5	21	
63	12	54	
5	53	11	
49	39	58	
31	71	48	
38	87	78	
75	15	41	
2	79	49	
6	49	8	
84	82	84	
75	19	1	
88	46	71	
89	42	1	
9	92	7	
6	65	87	
24	14	4	
21	22	64	
13	89	49	
54	88	47	
55	84	59	
41	8	49	
51	51	29	
92	67	2	
38	39	68	
90	70	91	
1	99	59	
45	26	32	
46	57	85	
43	40	45	
36	25	70	
37	22	15	
67	21	56	
92	5	49	
60	50	28	
56	26	35	
79	52	84	
52	99	27	
100	4	86	
83	72	43	
1	72	25	
66	79	35	
69	88	98	
27	48	68	
3	100	86	
42	38	19	
4	84	80	
12	4	97	
54	77	14	
61	95	33	
25	80	74	
45	48	1	
5	70	11	
3	42	94	
50	87	64	
65	44	1	
54	94	32	
93	64	24	
77	35	75	
3	69	6	
88	74	9	
30	45	34	
11	10	84	
47	69	60	
77	23	86	
96	31	77	
67	12	46	
23	16	87	
72	15	8	
9	81	100	
3	41	94	
5	20	78	
83	48	52	
100	77	93	
50	93	16	
78	40	41	
16	67	19	
26	79	59	
71	88	27	
1	69	84	
38	53	86	
13	100	31	
1	4	36	
3	14	65	
40	92	52	
95	34	55	
92	25	24	
7	95	8	
13	65	41	
45	69	2	
52	23	32	
34	9	2	
98	14	58	
39	48	27	
5	4	15	
96	1	40	
57	89	67	
68	78	5	
52	85	44	
95	46	63	
75	43	80	
67	68	51	
48	92	25	
33	68	32	
43	15	45	
97	4	46	
65	36	64	
21	16	98	
27	94	65	
90	11	75	
98	16	69	
71	58	56	
27	60	67	
67	49	52	
50	10	56	
88	55	68	
55	13	13	
90	35	39	
58	3	34	
33	96	59	
96	30	14	
17	25	26	
6	36	99	
88	99	95	
60	24	70	
78	53	18	
37	29	59	
94	29	83	
29	19	3	
72	51	66	
19	71	78	
88	16	59	
70	84	47	
94	69	36	
78	96	8	
32	9	7	
29	77	89	
68	88	75	
33	26	27	
1	34	71	
95	74	54	
2	80	21	
22	36	65	
98	94	8	
24	56	74	
47	81	32	
66	90	59	
12	26	81	
99	26	64	
80	2	28	
72	93	25	
80	38	97	
36	52	95	
58	88	7	
54	51	38	
36	98	98	
86	73	30	
66	41	21	
60	84	35	
10	55	80	
40	37	63	
18	90	68	
11	80	84	
18	79	4	
98	40	60	
46	98	68	
54	58	31	
70	85	96	
93	18	11	
73	29	72	
81	47	14	
40	69	50	
89	46	69	
70	77	35	
11	1	60	
55	64	37	
55	35	62	
83	49	7	
62	51	36	
100	16	64	
76	90	47	
97	84	57	
1	69	34	
19	27	44	
99	79	13	
83	85	6	
94	6	67	
18	31	58	
27	88	62	
20	82	50	
61	37	80	
11	41	93	
66	11	15	
16	82	2	
38	41	7	
58	63	72	
38	52	97	
86	8	61	
43	65	70	
30	53	19	
75	86	36	
45	46	96	
91	75	68	
11	23	29	
56	59	37	
30	54	59	
23	82	10	
94	78	55	
84	39	96	
77	29	87	
82	63	11	
54	40	42	
33	42	20	
12	46	33	
85	17	65	
23	37	14	
95	35	87	
8	13	2	
76	57	45	
18	56	42	
16	34	38	
52	62	71	
53	29	45	
38	21	12	
95	69	73	
53	40	81	
82	78	45	
58	58	94	
40	26	92	
95	76	76	
69	45	20	
8	93	27	
64	5	43	
90	55	63	
29	42	25	
51	92	15	
70	13	32	
9	96	76	
92	11	34	
82	46	70	
21	10	31	
56	68	87	
26	12	72	
43	6	86	
99	50	45	
2	47	98	
36	85	65	
75	30	36	
83	24	42	
89	80	36	
1	90	80	
20	64	9	
97	14	18	
38	32	23	
2	11	56	
18	21	65	
44	3	19	
37	60	96	
65	46	88	
47	46	87	
13	22	50	
54	13	89	
57	14	93	
93	9	78	
6	87	32	
58	50	35	
56	79	45	
14	60	9	
48	75	68	
16	65	77	
38	89	49	
27	25	78	
36	55	55	
53	27	5	
50	35	64	
44	47	24	
46	49	35	
47	34	79	
99	43	99	
76	36	86	
4	10	29	
75	13	36	
25	43	96	
52	73	12	
29	37	14	
89	96	73	
7	83	99	
84	78	26	
8	30	93	
49	81	83	
13	79	43	
98	31	17	
60	83	11	
76	39	73	
99	89	19	
77	40	66	
83	60	24	
77	61	21	
60	75	85	
74	12	81	
33	5	86	
79	95	96	
96	63	83	
74	67	54	
35	65	81	
38	33	21	
94	7	77	
99	2	72	
53	91	58	
39	45	32	
38	45	11	
89	32	47	
12	13	84	
17	25	1	
81	5	70	
42	87	53	
97	58	13	
11	6	67	
97	74	58	
51	80	1	
30	24	38	
68	88	72	
47	39	2	
73	16	99	
62	74	92	
12	34	38	
21	73	96	
99	12	24	
74	52	2	
9	13	56	
29	30	79	
61	68	89	
11	12	15	
78	9	72	
38	65	51	
27	64	76	
72	98	96	
25	48	48	
81	46	97	
25	84	79	
9	98	94	
21	52	85	
40	82	29	
91	55	16	
76	53	96	
23	100	51	
19	40	96	
66	58	59	
16	70	89	
58	38	12	
38	58	86	
69	27	91	
20	6	2	
74	69	4	
23	3	29	
46	41	13	
35	71	83	
44	46	86	
1	98	77	
28	84	95	
7	87	74	
32	9	81	
87	92	81	
93	22	12	
31	68	25	
44	35	77	
5	63	78	
53	20	22	
62	33	32	
38	34	94	
33	38	74	
47	36	80	
49	35	83	
91	21	14	
45	42	40	
14	43	18	
45	34	28	
37	25	55	
63	11	12	
76	15	67	
71	20	81	
15	5	88	
62	77	71	
34	87	76	
81	24	14	
83	59	62	
81	34	8	
95	23	84	
11	44	76	
66	32	39	
11	80	29	
67	47	69	
46	5	57	
21	34	95	
74	12	61	
9	85	71	
12	60	9	
47	53	94	
68	94	36	
13	27	64	
69	86	22	
75	35	22	
16	76	86	
31	18	51	
39	100	53	
39	74	19	
34	70	20	
25	21	54	
62	25	25	
52	93	29	
91	36	33	
12	70	11	
38	5	40	
37	70	10	
88	7	21	
63	24	8	
81	19	65	
100	87	79	
25	66	60	
10	81	99	
93	60	49	
92	94	58	
42	36	81	
56	31	20	
36	70	59	
28	60	67	
58	19	97	
72	2	49	
67	49	62	
49	31	69	
76	77	16	
54	33	96	
70	16	86	
62	77	40	
12	16	5	
43	59	92	
97	77	76	
86	9	84	
2	29	63	
16	16	39	
7	8	50	
7	23	68	
10	57	23	
22	34	1	
84	60	3	
66	52	20	
40	42	35	
28	93	6	
13	41	35	
44	68	18	
23	37	4	
41	27	42	
49	21	69	
62	62	44	
66	61	73	
89	30	81	
67	11	39	
98	18	68	
95	25	40	
52	35	78	
40	2	34	
62	41	45	
12	72	75	
9	33	88	
15	45	42	
98	49	17	
47	94	1	
41	98	64	
47	49	96	
27	76	93	
77	51	51	
84	62	55	
88	52	36	
63	76	4	
32	27	78	
43	31	24	
67	18	51	
48	53	49	
99	76	57	
72	40	36	
11	47	17	
7	87	69	
19	24	47	
54	54	93	
25	51	63	
66	19	55	
76	80	44	
32	9	28	
1	58	77	
82	1	56	
64	98	71	
48	24	6	
79	99	24	
40	80	18	
96	56	9	
37	37	29	
34	36	24	
12	74	93	
14	13	63	
23	24	66	
78	33	100	
60	50	18	
40	4	64	
45	30	84	
5	1	21	
98	28	47	
76	58	62	
37	69	45	
88	19	58	
36	52	97	
84	12	25	
67	60	92	
69	62	23	
34	80	8	
100	43	83	
75	22	21	
43	59	57	
10	61	21	
51	47	59	
61	40	60	
65	100	93	
100	13	91	
47	46	64	
63	100	30	
15	58	52	
49	51	8	
89	27	53	
27	35	11	
89	61	4	
2	14	67	
97	2	60	
80	100	55	
30	64	2	
15	27	71	
86	97	8	
10	11	28	
67	4	60	
74	39	78	
28	9	36	
69	81	99	
78	74	1	
86	86	72	
35	71	57	
6	80	30	
82	100	48	
76	23	100	
36	81	48	
90	50	29	
56	25	73	
75	72	65	
75	16	30	
97	35	39	
23	49	60	
33	41	50	
46	48	17	
67	3	9	
25	77	33	
79	61	23	
50	12	68	
86	49	86	
6	44	57	
22	10	8	
44	69	95	
63	70	69	
31	71	24	
37	3	88	
80	41	17	
95	71	95	
24	95	10	
22	84	7	
26	69	34	
63	3	98	
3	99	20	
85	37	30	
29	63	26	
85	53	96	
62	15	20	
73	47	92	
5	4	36	
42	50	25	
63	4	9	
49	60	86	
65	22	40	
99	34	35	
35	70	90	
76	46	64	
90	81	72	
95	13	11	
8	4	68	
48	81	67	
96	28	82	
55	37	13	
72	89	15	
80	46	71	
79	6	67	
26	15	30	
4	85	35	
6	83	45	
1	9	11	
89	84	79	
18	19	38	
27	84	18	
59	54	74	
92	78	62	
72	99	3	
91	71	39	
34	70	83	
35	92	96	
53	61	7	
57	69	61	
9	2	88	
70	30	38	
25	28	19	
44	66	86	
88	82	34	
76	93	53	
65	9	78	
77	12	66	
8	37	59	
3	23	17	
85	64	78	
32	100	4	
54	45	98	
98	68	98	
100	84	99	
50	61	77	
18	13	90	
100	82	49	
46	31	91	
61	21	94	
98	47	48	
52	84	46	
32	17	65	
79	78	26	
31	56	23	
78	6	52	
12	10	49	
90	15	95	
48	100	17	
81	11	15	
3	64	50	
85	56	91	
26	44	33	
64	71	30	
70	66	68	
51	49	64	
73	86	24	
95	8	17	
38	47	20	
16	58	60	
86	52	73	
95	57	13	
24	32	77	
89	27	18	
77	69	33	
14	66	99	
8	81	68	
66	28	29	
41	89	88	
56	76	79	
16	84	84	
71	95	11	
66	29	29	
67	1	73	
6	91	73	
20	67	32	
34	79	41	
2	64	15	
92	51	4	
59	93	62	
42	15	40	
38	79	45	
85	34	9	
96	90	17	
41	93	90	
43	81	88	
25	18	100	
87	69	51	
87	88	81	
97	46	66	
4	69	16	
82	85	37	
57	58	83	
70	22	17	
80	93	70	
25	71	69	
47	23	74	
91	67	33	
30	72	35	
91	90	76	
91	91	11	
68	52	2	
84	33	42	
49	52	9	
97	26	85	
39	40	96	
32	86	49	
14	43	80	
12	78	33	
21	3	51	
68	83	63	
9	69	48	
61	77	87	
11	60	38	
90	65	90	
38	80	96	
18	3	87	
6	86	1	
71	31	79	
64	9	9	
3	16	22	
38	73	77	
97	13	91	
54	53	86	
13	70	19	
82	78	97	
6	54	5	
77	98	5	
95	24	35	
66	3	11	
20	69	71	
38	56	37	
98	99	97	
31	99	13	
99	54	29	
60	40	74	
44	59	78	
35	41	55	
79	63	50	
87	77	60	
5	90	77	
77	95	32	
15	25	5	
34	63	26	
3	57	39	
75	82	78	
49	71	28	
79	69	31	
1	48	48	
71	25	59	
80	58	89	
94	12	41	
100	84	14	
17	31	94	
80	25	5	
100	57	74	
2	73	94	
18	74	99	
98	100	34	
45	50	10	
50	42	57	
35	78	15	
16	96	80	
73	90	21	
72	16	68	
49	4	5	
84	14	9	
99	27	19	
2	10	81	
72	64	89	
5	16	39	
33	23	27	
1	31	75	
76	9	43	
58	30	88	
84	99	78	
52	20	44	
91	40	80	
96	38	4	
84	43	46	
14	77	73	
57	91	41	
75	62	6	
37	15	83	
42	42	75	
71	54	77	
21	83	5	
49	98	97	
43	51	97	
42	13	37	
87	91	33	
81	70	69	
18	40	79	
5	44	87	
13	21	91	
58	91	88	
18	56	98	
42	55	91	
69	77	54	
25	90	53	
83	89	22	
58	89	44	
76	3	17	
59	90	11	
64	41	49	
8	92	31	
1	73	86	
40	74	49	
14	20	69	
14	12	61	
54	89	64	
76	67	47	
69	50	50	
72	90	83	
81	88	81	
76	79	30	
46	49	94	
27	44	66	
28	17	67	
87	27	41	
98	24	35	
66	63	6	
82	66	46	
20	98	4	
31	34	87	
76	60	80	
63	17	67	
24	49	21	
85	29	14	
34	93	72	
67	24	63	
77	91	54	
12	92	4	
99	11	78	
87	99	43	
94	13	72	
17	64	41	
87	25	65	
87	87	24	
26	98	47	
51	31	99	
53	69	29	
92	7	32	
20	96	83	
2	91	12	
8	78	29	
78	23	96	
88	77	44	
67	54	58	
73	86	12	
78	57	72	
12	58	91	
81	67	80	
74	77	19	
59	29	16	
31	66	44	
72	61	90	
86	100	77	
7	98	29	
44	33	52	
67	12	44	
41	85	43	
45	91	82	
32	28	99	
5	57	88	
2	12	71	
58	27	29	
61	30	79	
6	43	94	
27	27	7	
49	15	6	
9	17	80	
83	69	34	
44	10	91	
88	10	63	
18	63	100	
48	87	26	
57	61	8	
9	8	33	
73	36	84	
33	39	89	
58	68	20	
1	33	79	
64	73	94	
38	97	76	
26	90	31	
85	45	49	
2	23	17	
37	44	83	
44	46	8	
35	37	80	
77	70	62	
49	13	40	
39	3	57	
72	77	33	
90	24	5	
57	86	69	
17	31	89	
29	69	16	
91	49	20	
57	91	29	
94	11	15	
23	10	8	
99	50	81	
93	20	53	
33	80	49	
100	41	53	
60	64	46	
85	7	68	
63	54	47	
95	66	10	
55	72	18	
53	90	80	
90	86	70	
99	84	64	
65	76	35	
71	26	47	
15	71	22	
65	10	23	
53	51	96	
3	19	64	
88	28	79	
65	78	32	
27	98	59	
15	27	19	
11	32	69	
28	98	30	
30	91	90	
96	46	45	
76	95	98	
28	83	7	
11	96	70	
36	92	28	
46	8	20	
80	15	46	
26	62	96	
65	46	45	
47	56	45	
26	76	18	
14	46	17	
95	39	86	
38	66	67	
39	10	81	
33	73	70	
15	55	11	
100	20	26	
91	33	40	
49	40	81	
22	6	10	
59	67	64	
39	43	16	
19	4	47	
41	18	6	
58	52	11	
96	38	10	
54	18	50	
73	28	64	
48	63	79	
24	28	31	
46	81	16	
26	37	69	
36	21	39	
4	63	54	
70	69	13	
85	90	28	
89	90	15	
49	75	60	
71	95	14	
16	50	6	
44	64	52	
48	62	55	
18	39	43	
23	75	4	
50	19	2	
11	76	63	
93	67	96	
42	76	85	
53	78	4	
21	30	58	
87	73	85	
57	12	55	
99	91	66	
38	1	86	
26	21	83	
43	14	96	
73	67	96	
12	99	86	
7	61	87	
15	10	38	
11	41	75	
42	32	5	
40	2	69	
16	4	36	
45	22	40	
91	56	98	
34	53	74	
9	64	58	
74	50	6	
70	70	34	
86	46	56	
53	72	95	
8	49	13	
45	1	60	
38	32	91	
58	58	50	
99	93	58	
89	87	12	
81	34	32	
70	3	83	
36	16	55	
61	78	59	
44	51	58	
5	38	12	
19	54	38	
23	55	30	
80	18	49	
42	58	40	
98	37	98	
25	14	34	
65	4	3	
100	58	35	
9	25	9	
43	45	92	
61	47	91	
18	98	72	
34	60	9	
39	70	47	
42	79	25	
52	87	65	
20	3	19	
82	7	19	
38	100	72	
37	41	17	
89	35	26	
5	24	20	
53	100	83	
14	22	49	
45	71	54	
1	35	32	
89	71	82	
71	83	4	
22	37	64	
12	17	6	
51	9	50	
6	26	92	
75	48	35	
70	2	20	
98	83	19	
70	86	59	
21	34	76	
19	4	4	
40	63	78	
90	71	70	
82	68	70	
86	12	32	
32	54	100	
14	87	98	
79	92	97	
95	32	20	
91	32	25	
66	67	25	
25	69	42	
46	66	13	
72	40	24	
23	56	60	
12	94	81	
97	7	75	
51	69	27	
24	37	59	
84	13	87	
44	49	99	
91	85	78	
34	48	89	
87	43	67	
52	14	3	
48	20	57	
8	5	15	
4	18	18	
10	77	36	
55	41	91	
41	27	20	
36	90	15	
78	83	28	
4	69	79	
35	19	96	
46	57	13	
53	12	77	
39	57	6	
23	24	25	
81	90	46	
3	52	81	
19	84	99	
67	24	22	
28	89	85	
53	8	14	
88	46	38	
36	29	95	
11	86	83	
43	86	58	
29	91	8	
12	68	90	
16	96	32	
2	37	29	
97	88	80	
11	39	86	
81	40	87	
95	19	63	
47	51	76	
62	10	17	
36	71	53	
16	9	34	
69	18	23	
77	72	12	
14	37	7	
63	57	1	
6	31	55	
17	36	91	
9	4	63	
56	78	87	
52	55	4	
22	52	59	
8	94	10	
67	73	38	
56	94	6	
90	54	88	
53	34	70	
9	85	48	
78	2	16	
54	61	55	
62	15	36	
5	9	36	
94	96	34	
86	18	29	
82	79	29	
35	50	54	
17	92	37	
53	55	30	
71	90	74	
36	83	2	
57	75	35	
90	19	35	
96	55	71	
71	69	42	
10	96	73	
18	37	95	
93	75	56	
25	8	67	
77	33	89	
18	75	24	
31	38	23	
53	85	89	
56	68	85	
5	23	85	
27	19	58	
64	31	24	
10	91	83	
33	24	16	
20	21	60	
59	60	77	
46	80	52	
4	6	24	
36	92	12	
10	72	81	
42	10	68	
85	45	64	
68	50	38	
2	28	69	
72	81	51	
32	20	87	
67	91	18	
99	26	78	
36	12	37	
35	66	31	
45	51	68	
49	78	92	
31	34	87	
63	46	80	
49	51	77	
28	62	55	
77	6	6	
7	72	40	
9	54	77	
70	63	41	
19	33	23	
40	61	74	
43	75	9	
88	6	91	
83	50	69	
35	3	88	
96	41	12	
46	42	66	
63	65	32	
11	99	21	
18	47	22	
62	23	78	
25	9	34	
11	71	92	
91	54	96	
44	29	88	
89	87	55	
84	99	90	
77	44	88	
44	88	69	
15	17	62	
28	68	79	
57	79	17	
35	88	92	
48	44	91	
76	72	85	
43	23	72	
40	73	32	
75	55	97	
64	79	14	
65	37	41	
47	4	97	
13	4	49	
18	71	44	
3	89	89	
89	30	54	
73	61	97	
3	31	26	
27	95	88	
52	22	87	
26	23	62	
45	53	83	
43	38	44	
17	70	14	
88	15	21	
71	89	63	
59	34	77	
84	58	25	
27	11	77	
50	31	62	
26	33	68	
7	65	43	
67	4	43	
67	41	10	
61	2	12	
40	25	85	
20	2	16	
38	62	59	
47	53	47	
41	55	50	
62	88	35	
9	23	54	
60	38	39	
10	13	23	
29	19	34	
47	56	68	
92	96	8	
38	27	89	
55	62	74	
87	12	57	
84	86	94	
74	12	32	
99	80	32	
82	22	89	
88	91	23	
7	25	70	
14	2	89	
40	94	19	
41	99	68	
43	66	34	
81	75	34	
82	40	65	
98	14	65	
53	77	47	
34	6	96	
18	13	52	
98	4	88	
70	28	41	
33	92	89	
48	52	5	
88	66	55	
7	79	22	
70	12	68	
70	61	44	
86	77	48	
17	33	77	
96	8	8	
95	84	33	
77	42	91	
87	81	68	
89	73	25	
29	5	49	
15	54	10	
76	62	13	
46	43	89	
65	96	9	
32	52	46	
81	52	73	
27	34	69	
35	36	54	
31	88	94	
57	30	77	
92	81	52	
39	30	36	
76	7	49	
24	84	13	
83	90	68	
66	35	89	
34	41	10	
26	67	26	
41	35	64	
23	11	13	
30	75	35	
3	4	75	
100	88	59	
7	69	41	
68	99	63	
28	81	32	
78	73	54	
23	43	32	
31	33	65	
12	60	13	
20	31	82	
22	95	62	
52	56	94	
89	53	70	
55	68	100	
22	90	100	
32	82	96	
89	87	12	
36	9	94	
81	13	34	
66	78	93	
90	49	35	
20	4	68	
73	18	62	
65	84	30	
82	26	38	
66	90	52	
27	92	21	
23	10	100	
72	78	13	
53	61	52	
62	46	15	
82	62	21	
47	48	90	
22	84	84	
80	39	23	
72	91	81	
41	1	16	
51	57	84	
7	66	21	
34	66	80	
93	44	37	
95	72	72	
46	34	69	
63	51	100	
82	36	71	
53	43	63	
86	77	13	
67	37	4	
37	23	74	
32	97	3	
64	30	22	
39	99	72	
65	80	28	
56	84	15	
85	19	24	
40	44	77	
62	3	89	
72	7	15	
45	56	73	
47	31	65	
75	31	94	
89	8	100	
41	85	49	
72	56	11	
45	18	78	
26	3	40	
65	38	88	
80	78	52	
66	24	33	
86	36	6	
78	88	43	
24	1	6	
83	37	94	
74	24	19	
57	50	92	
24	92	3	
26	40	7	
65	40	33	
36	79	50	
34	57	15	
72	14	15	
39	14	65	
69	47	75	
60	54	35	
79	46	44	
82	9	83	
14	41	98	
25	61	85	
8	99	75	
56	72	38	
72	39	15	
52	62	33	
67	91	45	
60	27	22	
81	84	57	
51	81	26	
40	45	28	
96	2	14	
65	91	46	
18	59	54	
7	55	75	
73	47	84	
20	62	47	
52	46	72	
13	43	83	
70	98	80	
7	51	17	
39	90	95	
82	28	52	
59	60	10	
4	27	96	
21	50	81	
10	49	28	
9	69	59	
4	48	3	
15	20	3	
31	12	95	
96	84	13	
20	52	15	
70	41	72	
28	74	91	
54	14	24	
68	48	93	
41	74	36	
78	84	50	
95	46	73	
89	20	99	
92	25	62	
84	23	95	
42	92	11	
82	78	15	
8	86	26	
73	61	94	
50	40	2	
2	26	41	
72	77	14	
34	86	33	
13	35	51	
16	44	15	
61	49	77	
34	26	84	
35	74	86	
91	37	18	
87	52	54	
27	88	96	
27	70	54	
5	92	19	
78	36	3	
62	1	85	
35	11	62	
92	53	76	
44	22	76	
31	16	41	
34	17	62	
93	72	6	
33	96	83	
34	6	61	
70	53	77	
38	64	73	
30	71	66	
74	7	23	
42	15	71	
62	87	15	
68	80	33	
24	86	18	
10	73	44	
71	14	48	
20	74	16	
44	62	71	
5	51	55	
28	70	26	
68	70	44	
2	22	57	
100	73	4	
48	14	78	
52	11	89	
100	28	15	
92	65	77	
76	93	48	
19	99	55	
68	39	89	
31	88	64	
73	59	29	
74	30	30	
79	54	30	
49	72	71	
67	83	94	
90	82	53	
88	16	22	
37	33	98	
51	84	69	
74	89	56	
56	53	37	
55	21	77	
70	50	12	
28	24	90	
64	12	95	
40	73	2	
67	29	65	
17	9	69	
62	80	57	
50	85	56	
14	41	94	
5	80	40	
21	97	61	
95	11	34	
20	13	53	
77	2	35	
55	3	26	
40	41	77	
29	17	77	
60	47	75	
44	94	21	
95	78	57	
56	58	9	
53	18	58	
70	78	53	
38	44	40	
61	77	29	
23	8	19	
15	51	5	
72	68	64	
92	89	91	
47	66	18	
100	85	32	
86	58	94	
30	78	63	
66	59	9	
32	8	100	
66	88	32	
63	48	60	
31	70	18	
61	98	52	
66	58	4	
8	37	20	
72	4	74	
91	11	37	
96	87	43	
2	86	82	
10	35	68	
26	7	25	
72	55	93	
83	80	46	
27	23	68	
23	99	80	
45	45	95	
16	67	73	
52	74	64	
91	37	15	
49	69	45	
73	58	20	
91	4	27	
80	94	65	
98	64	95	
98	86	84	
98	21	37	
93	95	32	
77	19	21	
90	81	57	
84	16	74	
9	73	3	
82	70	58	
58	94	12	
61	8	27	
79	57	7	
35	69	40	
96	17	30	
61	21	1	
82	59	49	
23	6	3	
63	25	71	
50	8	36	
64	22	42	
15	86	50	
28	4	35	
11	44	49	
61	42	1	
3	53	40	
6	9	65	
88	50	55	
6	67	54	
42	2	72	
77	21	5	
96	61	95	
75	42	36	
48	60	7	
8	39	48	
6	23	72	
99	54	98	
42	44	71	
66	68	53	
20	31	62	
99	52	70	
37	75	60	
13	55	62	
60	33	80	
34	78	31	
72	11	51	
91	87	78	
65	35	9	
24	33	69	
28	54	22	
30	51	9	
89	86	83	
45	17	40	
69	96	24	
98	7	4	
11	25	50	
73	30	5	
6	51	31	
76	48	68	
52	22	80	
43	13	33	
46	36	20	
54	47	22	
17	4	74	
80	66	4	
98	84	52	
75	40	71	
32	37	57	
86	96	94	
89	93	75	
46	70	78	
48	49	4	
61	20	50	
71	64	50	
91	87	98	
47	79	65	
89	35	31	
46	72	30	
46	21	42	
70	55	86	
42	74	61	
26	1	88	
39	91	63	
33	62	36	
57	29	76	
50	31	30	
51	30	78	
45	55	100	
92	91	8	
57	93	39	
25	97	79	
50	6	35	
42	89	34	
96	35	39	
1	16	66	
90	67	49	
94	55	31	
72	40	66	
26	38	52	
36	69	90	
22	76	59	
24	61	74	
82	70	22	
15	26	8	
16	71	87	
39	15	12	
17	50	79	
62	79	13	
99	1	36	
100	55	88	
15	12	64	
29	76	65	
71	18	9	
74	82	21	
39	49	22	
71	82	76	
60	76	48	
99	19	24	
65	29	44	
92	57	94	
50	42	63	
14	17	98	
31	70	86	
82	74	12	
48	65	33	
37	82	9	
16	48	17	
30	26	11	
37	36	3	
89	77	97	
77	60	36	
81	56	4	
39	58	41	
57	65	51	
94	83	61	
57	52	98	
23	77	41	
34	34	6	
66	53	86	
43	46	1	
10	17	89	
90	42	58	
3	3	84	
7	23	33	
100	56	100	
84	49	73	
77	94	74	
50	31	23	
39	32	44	
27	25	87	
33	48	65	
47	79	40	
38	99	60	
11	10	11	
62	25	60	
69	58	50	
87	99	83	
87	46	32	
24	59	63	
39	8	92	
79	50	61	
39	9	13	
57	54	43	
47	42	23	
74	38	32	
79	84	83	
49	46	13	
61	33	75	
55	63	92	
17	32	41	
70	39	27	
55	14	45	
66	81	66	
80	2	67	
54	4	64	
66	3	42	
65	49	92	
20	94	21	
25	45	66	
99	61	89	
68	84	18	
10	85	7	
91	35	7	
60	58	46	
49	85	92	
5	56	49	
82	30	98	
35	61	19	
73	100	43	
32	51	65	
65	100	77	
16	53	52	
78	61	29	
64	6	74	
13	88	56	
99	95	59	
2	49	77	
82	59	41	
69	19	24	
1	93	54	
56	88	48	
73	89	63	
30	37	77	
61	96	61	
33	27	24	
22	78	40	
92	53	9	
80	57	44	
41	96	40	
9	9	27	
96	2	79	
85	24	69	
81	75	97	
53	94	19	
79	13	17	
90	53	17	
91	49	94	
32	47	62	
84	31	31	
99	17	45	
29	29	97	
92	76	42	
79	12	17	
1	82	12	
2	72	67	
45	39	28	
94	91	64	
53	23	31	
74	89	52	
79	2	2	
52	54	96	
80	27	99	
98	1	57	
97	49	13	
17	90	41	
42	100	8	
41	97	74	
25	92	80	
33	95	32	
63	72	84	
69	26	19	
64	54	56	
2	29	17	
29	71	41	
1	55	26	
23	50	72	
33	51	32	
41	65	60	
35	34	88	
59	67	89	
31	10	89	
33	84	80	
43	36	70	
81	66	99	
45	99	9	
18	82	83	
17	83	11	
57	39	39	
51	18	46	
36	65	36	
96	75	4	
89	61	73	
72	30	43	
82	83	99	
68	2	87	
88	97	59	
35	66	66	
13	45	15	
20	81	36	
8	85	25	
64	10	52	
56	64	57	
17	30	42	
21	58	24	
25	63	95	
26	44	31	
4	62	31	
16	22	49	
73	1	70	
65	25	95	
86	1	53	
20	93	82	
80	14	70	
10	59	54	
91	31	61	
21	44	63	
37	77	52	
55	65	53	
37	95	5	
50	73	88	
77	57	12	
65	7	82	
84	47	37	
80	3	15	
99	52	12	
79	2	53	
11	26	81	
73	55	30	
97	25	10	
84	5	78	
24	73	51	
12	84	71	
95	17	4	
12	41	67	
8	61	29	
48	47	11	
80	39	22	
2	70	24	
82	2	100	
44	41	43	
66	62	29	
42	9	78	
32	85	60	
85	55	21	
26	44	78	
30	18	85	
82	45	91	
47	15	15	
17	97	66	
40	60	74	
18	56	12	
98	74	29	
10	53	63	
59	88	81	
80	25	67	
41	36	84	
54	24	27	
71	59	77	
38	29	53	
9	29	24	
83	43	99	
51	47	33	
84	63	91	
28	86	51	
8	21	23	
90	97	71	
19	86	13	
69	43	46	
48	33	74	
45	20	27	
60	62	23	
100	61	9	
82	76	87	
32	34	18	
64	83	79	
3	31	50	
46	50	62	
40	66	3	
90	25	63	
47	7	98	
87	92	63	
61	86	43	
54	5	58	
62	35	95	
77	85	74	
22	3	52	
17	22	31	
87	22	67	
9	70	76	
58	86	23	
54	56	53	
40	74	47	
7	25	25	
27	42	28	
56	49	78	
20	95	49	
1	31	82	
1	1	16	
62	6	60	
47	85	95	
67	86	42	
8	20	14	
8	78	31	
39	95	32	
83	13	34	
3	79	10	
95	23	76	
57	40	1	
55	58	62	
21	33	46	
97	17	33	
18	40	57	
61	86	7	
18	48	35	
43	10	73	
86	73	62	
83	93	7	
12	9	77	
100	60	41	
14	11	48	
44	98	96	
100	4	28	
99	51	15	
41	30	97	
12	18	9	
51	32	38	
9	13	55	
12	98	80	
16	76	66	
15	55	46	
52	76	83	
39	78	63	
49	17	43	
66	48	27	
40	41	13	
5	10	67	
91	62	89	
75	25	27	
29	31	77	
73	74	42	
5	87	74	
72	15	18	
14	28	10	
75	17	91	
13	87	34	
32	49	94	
93	13	51	
49	91	91	
30	26	3	
18	87	38	
56	92	68	
34	60	52	
99	95	54	
61	5	23	
40	53	85	
86	17	80	
79	43	35	
64	43	48	
33	90	87	
88	12	64	
14	51	4	
62	34	73	
14	81	41	
69	12	7	
80	98	49	
36	69	31	
75	89	95	
58	63	3	
52	19	60	
56	71	3	
25	26	40	
77	85	9	
25	46	9	
22	66	65	
85	33	85	
58	67	61	
53	86	33	
89	70	13	
82	43	62	
96	17	36	
2	78	49	
91	47	23	
21	38	8	
88	8	79	
62	74	85	
93	11	64	
66	43	76	
69	27	86	
58	95	3	
22	44	78	
58	31	36	
21	69	15	
3	95	74	
52	71	54	
64	76	100	
5	68	57	
91	53	75	
74	39	53	
45	49	5	
47	94	43	
31	43	92	
22	93	44	
36	34	42	
94	42	62	
74	82	28	
18	89	13	
54	18	23	
39	61	10	
42	57	31	
70	30	15	
92	62	83	
84	91	51	
66	99	82	
68	18	94	
51	3	78	
27	100	68	
85	59	27	
60	1	84	
97	60	100	
19	81	41	
73	29	12	
44	24	72	
86	34	37	
94	60	6	
75	51	14	
36	13	96	
81	30	39	
70	83	2	
63	19	46	
15	86	27	
26	65	82	
91	82	4	
37	95	27	
53	60	25	
22	79	55	
24	55	77	
37	47	22	
61	20	71	
10	50	11	
39	37	71	
76	38	24	
39	97	48	
75	18	82	
58	25	22	
30	97	2	
60	84	62	
62	25	5	
91	20	36	
3	54	3	
30	28	10	
9	73	37	
23	25	15	
78	68	59	
75	9	73	
27	38	51	
56	30	63	
22	76	27	
78	57	99	
58	87	41	
50	40	35	
30	35	50	
8	38	83	
7	29	34	
55	8	93	
92	59	3	
73	80	67	
42	58	95	
90	78	18	
53	29	4	
10	6	63	
7	89	74	
97	44	56	
55	30	80	
8	92	68	
72	74	23	
77	15	82	
95	54	29	
37	17	66	
79	66	25	
56	47	74	
54	10	2	
79	30	98	
21	85	79	
31	9	62	
20	77	51	
34	28	26	
16	11	45	
81	31	98	
16	66	65	
89	34	40	
86	14	12	
83	47	14	
20	85	98	
28	51	30	
70	89	90	
25	92	51	
25	79	79	
10	23	81	
73	87	94	
98	14	33	
82	41	66	
78	57	57	
63	46	18	
66	9	84	
23	24	35	
54	86	16	
27	71	58	
28	74	8	
60	4	30	
51	84	27	
100	100	43	
7	6	39	
88	28	10	
7	82	52	
1	85	94	
69	48	8	
24	78	5	
1	44	55	
66	97	68	
3	62	38	
49	76	77	
3	100	94	
39	36	58	
49	80	25	
20	81	55	
91	1	44	
33	17	41	
35	85	66	
71	87	99	
52	35	75	
54	25	79	
10	95	34	
77	18	36	
61	99	72	
81	51	2	
64	50	59	
3	86	53	
23	51	67	
96	25	67	
62	72	50	
70	50	29	
43	67	92	
91	29	46	
3	81	26	
90	68	96	
58	69	85	
3	20	85	
42	86	75	
96	22	53	
18	83	24	
55	84	7	
46	84	68	
1	71	89	
15	44	89	
7	100	44	
98	47	10	
62	44	73	
95	15	93	
39	53	35	
56	76	1	
76	98	47	
51	48	57	
74	69	24	
55	89	9	
81	48	1	
90	25	45	
29	39	15	
25	68	26	
41	86	31	
32	84	57	
98	42	66	
24	91	90	
32	57	88	
12	9	55	
83	79	75	
16	39	64	
77	62	45	
17	22	20	
17	79	70	
94	47	14	
100	58	30	
66	96	77	
9	63	22	
44	17	27	
11	20	67	
21	37	9	
50	70	83	
16	37	63	
98	69	11	
9	79	24	
60	49	61	
5	9	8	
15	53	39	
16	93	100	
57	46	71	
37	12	54	
15	88	33	
85	11	76	
27	46	80	
72	54	77	
47	29	68	
6	57	19	
74	13	58	
90	34	31	
10	87	17	
19	61	26	
48	64	53	
31	65	64	
67	18	80	
94	22	53	
7	50	83	
97	8	49	
42	52	85	
96	55	45	
14	36	74	
7	52	84	
77	60	45	
21	99	15	
21	71	73	
33	32	79	
73	100	94	
4	71	74	
40	9	78	
36	27	49	
27	60	47	
77	70	11	
3	48	54	
7	65	6	
78	56	34	
71	37	61	
71	4	2	
58	53	79	
51	23	92	
63	32	80	
36	56	33	
99	57	88	
97	2	65	
76	65	62	
46	6	77	
63	43	27	
81	71	41	
94	8	45	
55	27	30	
14	35	55	
57	62	42	
61	31	45	
20	26	31	
2	10	43	
61	58	85	
59	27	26	
60	31	91	
67	54	61	
75	82	61	
53	29	55	
19	65	83	
19	47	89	
98	43	12	
15	12	6	
39	85	11	
94	83	23	
58	3	18	
88	63	28	
18	25	3	
81	53	13	
51	96	87	
45	44	32	
55	63	17	
49	57	23	
12	62	87	
34	27	63	
78	3	53	
72	20	8	
47	2	80	
34	56	3	
43	93	85	
26	98	86	
6	99	61	
36	74	53	
78	33	67	
17	7	30	
80	49	70	
95	17	74	
43	1	33	
22	78	59	
27	70	9	
59	43	59	
37	97	43	
14	45	70	
62	50	53	
35	62	53	
10	18	87	
94	65	30	
92	98	82	
35	1	52	
10	9	90	
15	78	82	
24	27	73	
26	54	83	
4	75	56	
90	68	47	
67	41	36	
89	40	21	
62	6	56	
66	97	48	
8	35	18	
16	23	19	
3	62	5	
45	4	89	
23	100	1	
30	46	49	
61	33	20	
77	66	100	
83	60	9	
49	4	4	
53	70	86	
